System
Type	MANTARAY
Unit	WAVENUMBER
Rayleigh	532.021nm
Grating	1200gr

Measuring Condition
Acquisition Mode	SINGLE
Exposure Time	0.2s
Laser Filter	532nm
ND Filter	20%
Lens Magnification	MPLFLN20x
X Pixels	1024	Y Pixels	255


X Axis Data	Y Axis Data
-196.22	99
-193.26	98
-190.31	100
-187.35	99
-184.4	99
-181.45	97
-178.49	98
-175.54	100
-172.59	97
-169.64	99
-166.7	101
-163.75	101
-160.8	98
-157.86	98
-154.91	101
-151.97	98
-149.02	98
-146.08	97
-143.14	99
-140.2	99
-137.26	98
-134.32	99
-131.39	96
-128.45	102
-125.51	98
-122.58	100
-119.65	99
-116.71	99
-113.78	99
-110.85	101
-107.92	100
-104.99	99
-102.06	99
-99.14	99
-96.21	99
-93.29	100
-90.36	99
-87.44	99
-84.52	100
-81.59	99
-78.67	100
-75.75	97
-72.84	101
-69.92	99
-67	99
-64.08	100
-61.17	99
-58.25	98
-55.34	100
-52.43	98
-49.52	101
-46.61	98
-43.7	101
-40.79	99
-37.88	99
-34.97	99
-32.07	98
-29.16	99
-26.26	96
-23.36	100
-20.45	98
-17.55	97
-14.65	98
-11.75	98
-8.85	100
-5.96	99
-3.06	102
-0.16	102
2.73	99
5.63	99
8.52	100
11.41	99
14.3	99
17.19	97
20.08	99
22.97	99
25.86	100
28.75	99
31.63	100
34.52	98
37.4	101
40.29	100
43.17	99
46.05	98
48.93	98
51.81	101
54.69	99
57.57	100
60.44	98
63.32	100
66.19	97
69.07	102
71.94	100
74.81	104
77.68	108
80.55	112
83.42	122
86.29	137
89.16	164
92.03	193
94.89	222
97.76	238
100.62	273
103.49	275
106.35	281
109.21	288
112.07	288
114.93	290
117.79	291
120.65	290
123.5	292
126.36	303
129.22	294
132.07	296
134.92	301
137.78	296
140.63	297
143.48	294
146.33	295
149.18	306
152.03	304
154.87	296
157.72	301
160.56	306
163.41	299
166.25	307
169.1	294
171.94	302
174.78	303
177.62	292
180.46	302
183.3	301
186.13	311
188.97	301
191.8	312
194.64	316
197.47	302
200.31	309
203.14	311
205.97	313
208.8	310
211.63	310
214.46	317
217.28	318
220.11	315
222.94	315
225.76	313
228.59	323
231.41	314
234.23	312
237.05	317
239.87	317
242.69	324
245.51	327
248.33	317
251.15	326
253.96	327
256.78	328
259.59	324
262.41	326
265.22	324
268.03	326
270.84	324
273.65	342
276.46	337
279.27	331
282.07	330
284.88	336
287.69	336
290.49	329
293.29	339
296.1	330
298.9	335
301.7	339
304.5	337
307.3	340
310.1	335
312.9	340
315.69	339
318.49	336
321.28	340
324.08	347
326.87	335
329.66	340
332.45	347
335.24	337
338.03	345
340.82	350
343.61	349
346.4	343
349.18	351
351.97	347
354.75	347
357.54	356
360.32	344
363.1	348
365.88	350
368.66	353
371.44	354
374.22	356
377	354
379.77	360
382.55	356
385.32	354
388.1	359
390.87	360
393.64	360
396.42	356
399.19	361
401.96	367
404.72	368
407.49	368
410.26	361
413.02	372
415.79	375
418.55	373
421.32	373
424.08	366
426.84	376
429.6	375
432.36	368
435.12	380
437.88	373
440.64	376
443.4	383
446.15	375
448.91	376
451.66	377
454.41	379
457.17	382
459.92	379
462.67	379
465.42	382
468.17	388
470.91	378
473.66	386
476.41	382
479.15	392
481.9	384
484.64	377
487.38	385
490.13	382
492.87	392
495.61	392
498.35	391
501.09	384
503.82	386
506.56	392
509.3	391
512.03	388
514.77	392
517.5	391
520.23	401
522.96	387
525.69	391
528.42	397
531.15	395
533.88	395
536.61	398
539.34	395
542.06	406
544.79	408
547.51	407
550.23	392
552.96	403
555.68	400
558.4	403
561.12	406
563.84	407
566.55	411
569.27	407
571.99	406
574.7	408
577.42	401
580.13	412
582.85	408
585.56	405
588.27	406
590.98	412
593.69	413
596.4	414
599.11	415
601.81	415
604.52	406
607.22	416
609.93	412
612.63	417
615.34	414
618.04	414
620.74	408
623.44	411
626.14	406
628.84	410
631.53	407
634.23	420
636.93	412
639.62	413
642.32	420
645.01	414
647.7	411
650.39	416
653.09	418
655.78	419
658.47	414
661.15	416
663.84	422
666.53	418
669.21	423
671.9	412
674.58	416
677.27	416
679.95	422
682.63	422
685.31	425
687.99	418
690.67	426
693.35	421
696.03	428
698.7	421
701.38	426
704.06	424
706.73	428
709.4	434
712.08	425
714.75	425
717.42	443
720.09	432
722.76	433
725.43	432
728.09	426
730.76	432
733.43	418
736.09	428
738.76	426
741.42	427
744.08	425
746.74	439
749.4	432
752.06	439
754.72	434
757.38	435
760.04	437
762.7	433
765.35	425
768.01	428
770.66	427
773.32	432
775.97	435
778.62	431
781.27	438
783.92	432
786.57	442
789.22	428
791.87	441
794.51	440
797.16	435
799.8	444
802.45	435
805.09	442
807.74	447
810.38	439
813.02	439
815.66	442
818.3	442
820.94	443
823.57	442
826.21	442
828.85	447
831.48	437
834.12	438
836.75	444
839.38	448
842.02	442
844.65	430
847.28	437
849.91	441
852.54	449
855.16	441
857.79	441
860.42	453
863.04	442
865.67	440
868.29	449
870.91	437
873.54	446
876.16	453
878.78	448
881.4	456
884.02	446
886.63	455
889.25	438
891.87	451
894.48	447
897.1	455
899.71	449
902.33	448
904.94	448
907.55	456
910.16	443
912.77	453
915.38	447
917.99	452
920.6	452
923.2	450
925.81	450
928.41	439
931.02	444
933.62	449
936.22	453
938.83	454
941.43	457
944.03	455
946.63	454
949.22	455
951.82	459
954.42	457
957.02	453
959.61	460
962.21	458
964.8	459
967.39	447
969.98	464
972.58	455
975.17	455
977.76	461
980.34	453
982.93	466
985.52	457
988.11	458
990.69	448
993.28	458
995.86	455
998.44	460
1001.03	456
1003.61	453
1006.19	458
1008.77	459
1011.35	459
1013.93	454
1016.5	447
1019.08	454
1021.66	457
1024.23	461
1026.81	451
1029.38	456
1031.95	460
1034.52	458
1037.1	451
1039.67	458
1042.24	457
1044.8	454
1047.37	461
1049.94	463
1052.51	461
1055.07	459
1057.64	452
1060.2	463
1062.76	455
1065.33	459
1067.89	463
1070.45	463
1073.01	459
1075.57	453
1078.13	469
1080.68	463
1083.24	468
1085.8	466
1088.35	477
1090.91	467
1093.46	473
1096.01	467
1098.57	474
1101.12	455
1103.67	465
1106.22	463
1108.77	468
1111.31	471
1113.86	470
1116.41	466
1118.95	462
1121.5	473
1124.04	470
1126.59	473
1129.13	473
1131.67	467
1134.21	467
1136.75	472
1139.29	480
1141.83	483
1144.37	478
1146.9	480
1149.44	477
1151.98	473
1154.51	472
1157.04	473
1159.58	475
1162.11	467
1164.64	476
1167.17	467
1169.7	467
1172.23	471
1174.76	467
1177.29	485
1179.81	484
1182.34	472
1184.87	478
1187.39	466
1189.91	475
1192.44	476
1194.96	487
1197.48	477
1200	482
1202.52	475
1205.04	478
1207.56	477
1210.07	481
1212.59	474
1215.11	476
1217.62	478
1220.14	483
1222.65	483
1225.16	489
1227.67	492
1230.19	490
1232.7	486
1235.21	486
1237.71	500
1240.22	489
1242.73	486
1245.24	480
1247.74	495
1250.25	496
1252.75	488
1255.25	492
1257.76	489
1260.26	504
1262.76	492
1265.26	497
1267.76	487
1270.26	497
1272.76	502
1275.25	520
1277.75	515
1280.24	509
1282.74	524
1285.23	534
1287.73	538
1290.22	533
1292.71	537
1295.2	527
1297.69	530
1300.18	543
1302.67	556
1305.16	552
1307.64	565
1310.13	575
1312.62	583
1315.1	577
1317.58	581
1320.07	581
1322.55	570
1325.03	563
1327.51	564
1329.99	544
1332.47	548
1334.95	532
1337.43	548
1339.91	530
1342.38	514
1344.86	536
1347.33	525
1349.81	533
1352.28	532
1354.75	548
1357.22	545
1359.69	550
1362.16	548
1364.63	550
1367.1	551
1369.57	538
1372.04	532
1374.5	536
1376.97	531
1379.43	542
1381.9	534
1384.36	521
1386.82	523
1389.29	534
1391.75	514
1394.21	515
1396.67	513
1399.12	507
1401.58	504
1404.04	507
1406.5	510
1408.95	499
1411.41	502
1413.86	491
1416.31	505
1418.77	497
1421.22	505
1423.67	505
1426.12	495
1428.57	502
1431.02	500
1433.47	510
1435.91	505
1438.36	523
1440.81	506
1443.25	502
1445.69	497
1448.14	502
1450.58	503
1453.02	492
1455.46	503
1457.9	506
1460.34	503
1462.78	487
1465.22	488
1467.66	486
1470.09	488
1472.53	486
1474.97	490
1477.4	491
1479.83	488
1482.27	475
1484.7	487
1487.13	481
1489.56	486
1491.99	478
1494.42	478
1496.85	485
1499.28	483
1501.7	483
1504.13	483
1506.55	483
1508.98	493
1511.4	475
1513.83	482
1516.25	487
1518.67	487
1521.09	472
1523.51	491
1525.93	476
1528.35	484
1530.77	481
1533.18	493
1535.6	477
1538.01	501
1540.43	485
1542.84	487
1545.26	502
1547.67	494
1550.08	488
1552.49	493
1554.9	493
1557.31	499
1559.72	502
1562.13	495
1564.54	484
1566.94	497
1569.35	489
1571.75	491
1574.16	484
1576.56	489
1578.96	493
1581.37	490
1583.77	488
1586.17	499
1588.57	492
1590.97	495
1593.37	498
1595.76	503
1598.16	500
1600.56	492
1602.95	492
1605.35	488
1607.74	498
1610.13	499
1612.53	497
1614.92	495
1617.31	486
1619.7	480
1622.09	482
1624.48	484
1626.87	494
1629.25	480
1631.64	486
1634.03	479
1636.41	479
1638.8	487
1641.18	483
1643.56	479
1645.94	486
1648.33	481
1650.71	472
1653.09	473
1655.46	473
1657.84	475
1660.22	480
1662.6	485
1664.97	467
1667.35	482
1669.72	478
1672.1	478
1674.47	477
1676.84	477
1679.22	481
1681.59	482
1683.96	476
1686.33	480
1688.7	481
1691.06	480
1693.43	474
1695.8	476
1698.16	483
1700.53	486
1702.89	486
1705.26	483
1707.62	482
1709.98	479
1712.34	475
1714.71	480
1717.07	482
1719.42	484
1721.78	477
1724.14	482
1726.5	477
1728.85	483
1731.21	489
1733.57	480
1735.92	491
1738.27	491
1740.63	480
1742.98	474
1745.33	490
1747.68	484
1750.03	484
1752.38	489
1754.73	484
1757.08	474
1759.42	477
1761.77	480
1764.11	480
1766.46	488
1768.8	479
1771.15	477
1773.49	473
1775.83	483
1778.17	492
1780.51	487
1782.85	490
1785.19	487
1787.53	474
1789.87	474
1792.2	483
1794.54	474
1796.88	479
1799.21	486
1801.54	470
1803.88	476
1806.21	472
1808.54	480
1810.87	473
1813.2	475
1815.53	469
1817.86	476
1820.19	469
1822.52	467
1824.84	458
1827.17	463
1829.5	467
1831.82	464
1834.14	460
1836.47	470
1838.79	467
1841.11	460
1843.43	469
1845.75	460
1848.07	463
1850.39	460
1852.71	469
1855.03	468
1857.34	471
1859.66	474
1861.97	464
1864.29	469
1866.6	473
1868.92	473
1871.23	476
1873.54	479
1875.85	477
1878.16	473
1880.47	483
1882.78	476
1885.09	474
1887.39	474
1889.7	476
1892.01	480
1894.31	491
1896.62	491
1898.92	485
1901.22	481
1903.53	492
1905.83	482
1908.13	485
1910.43	492
1912.73	491
1915.03	491
1917.33	491
1919.62	482
1921.92	488
1924.22	489
1926.51	486
1928.81	501
1931.1	488
1933.39	490
1935.68	483
1937.98	478
1940.27	491
1942.56	488
1944.85	486
1947.14	480
1949.42	483
1951.71	480
1954	480
1956.29	475
1958.57	478
1960.86	490
1963.14	480
1965.42	482
1967.71	477
1969.99	487
1972.27	483
1974.55	491
1976.83	486
1979.11	486
1981.39	481
1983.66	482
1985.94	482
1988.22	478
1990.49	483
1992.77	483
1995.04	498
1997.31	493
1999.59	490
2001.86	485
2004.13	498
2006.4	490
2008.67	489
2010.94	488
2013.21	498
2015.48	486
2017.74	487
2020.01	487
2022.28	500
2024.54	485
2026.8	495
2029.07	488
2031.33	486
2033.59	490
2035.85	489
2038.12	498
2040.38	498
2042.64	492
2044.89	495
2047.15	491
2049.41	497
2051.67	491
2053.92	491
2056.18	488
2058.43	493
2060.69	496
2062.94	489
2065.19	500
2067.44	492
2069.69	504
2071.94	500
2074.19	498
2076.44	499
2078.69	495
2080.94	500
2083.19	498
2085.43	505
2087.68	493
2089.92	494
2092.17	496
2094.41	500
2096.65	507
2098.89	502
2101.14	498
2103.38	507
2105.62	506
2107.86	494
2110.09	500
2112.33	498
2114.57	494
2116.81	499
2119.04	493
2121.28	500
2123.51	492
2125.74	488
2127.98	504
2130.21	488
2132.44	496
2134.67	499
2136.9	494
2139.13	493
2141.36	500
2143.59	512
2145.82	493
2148.04	488
2150.27	493
2152.5	496
2154.72	492
2156.94	495
2159.17	500
2161.39	498
2163.61	491
2165.83	485
2168.05	493
2170.27	507
2172.49	492
2174.71	496
2176.93	497
2179.15	497
2181.36	493
2183.58	498
2185.8	496
2188.01	501
2190.22	500
2192.44	508
2194.65	498
2196.86	499
2199.07	498
2201.28	500
2203.49	506
2205.7	501
2207.91	490
2210.12	496
2212.32	493
2214.53	496
2216.74	485
2218.94	494
2221.15	503
2223.35	495
2225.55	495
2227.75	499
2229.96	501
2232.16	493
2234.36	488
2236.56	498
2238.76	495
2240.95	491
2243.15	500
2245.35	495
2247.54	490
2249.74	497
2251.93	499
2254.13	498
2256.32	498
2258.52	499
2260.71	496
2262.9	507
2265.09	504
2267.28	493
2269.47	494
2271.66	490
2273.85	497
2276.03	504
2278.22	505
2280.41	508
2282.59	497
2284.78	505
2286.96	506
2289.14	505
2291.33	501
2293.51	498
2295.69	501
2297.87	503
2300.05	499
2302.23	504
2304.41	507
2306.59	507
2308.76	505
2310.94	502
2313.12	504
2315.29	505
2317.47	510
2319.64	516
2321.81	498
2323.98	512
2326.16	507
2328.33	507
2330.5	503
2332.67	508
2334.84	504
2337.01	521
2339.17	503
2341.34	507
2343.51	509
2345.67	503
2347.84	505
2350	508
2352.17	507
2354.33	507
2356.49	508
2358.65	523
2360.82	513
2362.98	508
2365.14	510
2367.3	503
2369.45	510
2371.61	504
2373.77	502
2375.93	508
2378.08	507
2380.24	505
2382.39	505
2384.55	506
2386.7	508
2388.85	515
2391	506
2393.15	519
