System
Type	MANTARAY
Unit	WAVENUMBER
Rayleigh	785.035nm
Grating	1200gr

Measuring Condition
Acquisition Mode	SINGLE
Exposure Time	0.2s
Laser Filter	532nm
ND Filter	20%
Lens Magnification	MPLFLN20x
X Pixels	1024	Y Pixels	255


X Axis Data	Y Axis Data
742.95	138
743.99	139
745.04	139
746.09	143
747.14	144
748.18	145
749.23	143
750.27	146
751.32	142
752.37	147
753.41	149
754.46	149
755.5	147
756.55	151
757.59	145
758.64	143
759.68	142
760.73	140
761.77	146
762.81	143
763.86	145
764.9	145
765.94	145
766.99	144
768.03	143
769.07	142
770.11	144
771.15	142
772.2	146
773.24	143
774.28	143
775.32	144
776.36	145
777.4	146
778.44	145
779.48	140
780.52	143
781.56	140
782.6	145
783.64	145
784.68	144
785.72	145
786.75	145
787.79	143
788.83	143
789.87	144
790.91	143
791.94	143
792.98	142
794.02	144
795.06	144
796.09	139
797.13	143
798.16	144
799.2	147
800.24	141
801.27	144
802.31	144
803.34	140
804.38	142
805.41	141
806.45	143
807.48	142
808.51	147
809.55	146
810.58	142
811.61	142
812.65	142
813.68	143
814.71	139
815.74	145
816.78	143
817.81	142
818.84	142
819.87	146
820.9	140
821.93	143
822.97	141
824	143
825.03	142
826.06	147
827.09	143
828.12	139
829.15	137
830.18	141
831.2	141
832.23	143
833.26	141
834.29	140
835.32	139
836.35	143
837.37	141
838.4	143
839.43	141
840.46	141
841.48	145
842.51	141
843.54	141
844.56	138
845.59	140
846.61	141
847.64	139
848.67	138
849.69	143
850.72	142
851.74	139
852.77	140
853.79	143
854.81	138
855.84	140
856.86	138
857.88	140
858.91	141
859.93	136
860.95	140
861.98	138
863	141
864.02	138
865.04	139
866.06	136
867.09	140
868.11	143
869.13	137
870.15	141
871.17	141
872.19	138
873.21	140
874.23	141
875.25	139
876.27	140
877.29	138
878.31	140
879.33	138
880.34	140
881.36	140
882.38	139
883.4	137
884.42	138
885.43	138
886.45	136
887.47	140
888.49	138
889.5	137
890.52	142
891.53	139
892.55	141
893.57	136
894.58	139
895.6	136
896.61	140
897.63	138
898.64	140
899.66	138
900.67	140
901.69	137
902.7	137
903.71	140
904.73	136
905.74	136
906.75	136
907.77	138
908.78	139
909.79	136
910.8	135
911.81	138
912.83	137
913.84	139
914.85	137
915.86	140
916.87	137
917.88	135
918.89	138
919.9	136
920.91	137
921.92	136
922.93	135
923.94	136
924.95	139
925.96	139
926.97	137
927.97	135
928.98	137
929.99	139
931	138
932.01	137
933.01	133
934.02	135
935.03	137
936.03	139
937.04	139
938.05	136
939.05	134
940.06	137
941.06	139
942.07	136
943.07	137
944.08	138
945.08	134
946.09	134
947.09	135
948.1	135
949.1	134
950.1	135
951.11	134
952.11	139
953.11	133
954.12	133
955.12	134
956.12	134
957.12	136
958.13	134
959.13	134
960.13	135
961.13	136
962.13	136
963.13	135
964.13	135
965.13	135
966.13	134
967.13	137
968.13	133
969.13	133
970.13	132
971.13	135
972.13	136
973.13	134
974.13	133
975.13	133
976.12	134
977.12	135
978.12	133
979.12	137
980.11	134
981.11	133
982.11	134
983.1	133
984.1	136
985.1	135
986.09	135
987.09	134
988.08	134
989.08	132
990.07	136
991.07	132
992.06	133
993.06	135
994.05	133
995.05	131
996.04	133
997.03	131
998.03	135
999.02	131
1000.01	131
1001.01	136
1002	133
1002.99	133
1003.98	135
1004.97	133
1005.97	130
1006.96	132
1007.95	131
1008.94	135
1009.93	131
1010.92	130
1011.91	130
1012.9	131
1013.89	134
1014.88	128
1015.87	132
1016.86	133
1017.85	131
1018.84	132
1019.82	134
1020.81	133
1021.8	133
1022.79	131
1023.78	130
1024.76	131
1025.75	130
1026.74	133
1027.73	132
1028.71	133
1029.7	132
1030.69	131
1031.67	133
1032.66	133
1033.64	132
1034.63	130
1035.61	131
1036.6	133
1037.58	132
1038.57	130
1039.55	131
1040.54	129
1041.52	128
1042.5	132
1043.49	129
1044.47	132
1045.45	133
1046.44	131
1047.42	132
1048.4	131
1049.38	131
1050.36	130
1051.35	131
1052.33	132
1053.31	134
1054.29	132
1055.27	132
1056.25	129
1057.23	131
1058.21	129
1059.19	130
1060.17	128
1061.15	127
1062.13	128
1063.11	130
1064.09	129
1065.07	129
1066.05	131
1067.02	132
1068	131
1068.98	129
1069.96	128
1070.94	131
1071.91	128
1072.89	129
1073.87	128
1074.84	130
1075.82	129
1076.8	128
1077.77	132
1078.75	130
1079.72	133
1080.7	131
1081.67	128
1082.65	130
1083.62	128
1084.6	132
1085.57	131
1086.55	130
1087.52	130
1088.49	130
1089.47	127
1090.44	130
1091.41	128
1092.39	126
1093.36	128
1094.33	131
1095.3	128
1096.28	127
1097.25	130
1098.22	130
1099.19	130
1100.16	129
1101.13	128
1102.1	125
1103.07	125
1104.04	128
1105.01	128
1105.98	127
1106.95	128
1107.92	132
1108.89	128
1109.86	129
1110.83	132
1111.8	127
1112.77	131
1113.73	128
1114.7	131
1115.67	127
1116.64	127
1117.6	124
1118.57	129
1119.54	129
1120.5	131
1121.47	128
1122.44	128
1123.4	130
1124.37	132
1125.33	132
1126.3	129
1127.26	129
1128.23	131
1129.19	128
1130.16	128
1131.12	127
1132.09	126
1133.05	127
1134.01	127
1134.98	128
1135.94	126
1136.9	129
1137.87	128
1138.83	124
1139.79	126
1140.75	128
1141.72	129
1142.68	128
1143.64	126
1144.6	131
1145.56	126
1146.52	127
1147.48	125
1148.44	129
1149.4	127
1150.36	127
1151.32	129
1152.28	127
1153.24	130
1154.2	130
1155.16	126
1156.12	127
1157.08	128
1158.04	128
1159	125
1159.95	123
1160.91	124
1161.87	126
1162.83	125
1163.78	127
1164.74	128
1165.7	124
1166.65	125
1167.61	127
1168.57	124
1169.52	123
1170.48	126
1171.43	127
1172.39	124
1173.34	127
1174.3	126
1175.25	127
1176.21	124
1177.16	126
1178.11	128
1179.07	125
1180.02	127
1180.98	129
1181.93	125
1182.88	129
1183.83	126
1184.79	124
1185.74	126
1186.69	125
1187.64	129
1188.59	126
1189.55	124
1190.5	125
1191.45	125
1192.4	122
1193.35	124
1194.3	123
1195.25	122
1196.2	127
1197.15	123
1198.1	125
1199.05	126
1200	125
1200.95	126
1201.89	127
1202.84	125
1203.79	125
1204.74	126
1205.69	127
1206.64	123
1207.58	126
1208.53	125
1209.48	128
1210.42	122
1211.37	124
1212.32	127
1213.26	125
1214.21	123
1215.15	122
1216.1	122
1217.05	125
1217.99	124
1218.94	120
1219.88	122
1220.82	125
1221.77	125
1222.71	125
1223.66	122
1224.6	127
1225.54	121
1226.49	124
1227.43	126
1228.37	127
1229.32	125
1230.26	125
1231.2	126
1232.14	123
1233.08	123
1234.03	124
1234.97	123
1235.91	123
1236.85	124
1237.79	122
1238.73	121
1239.67	125
1240.61	124
1241.55	122
1242.49	123
1243.43	123
1244.37	123
1245.31	123
1246.25	122
1247.19	122
1248.12	124
1249.06	125
1250	126
1250.94	125
1251.88	123
1252.81	123
1253.75	124
1254.69	124
1255.62	123
1256.56	119
1257.5	125
1258.43	121
1259.37	127
1260.3	123
1261.24	122
1262.18	124
1263.11	125
1264.05	124
1264.98	123
1265.91	122
1266.85	124
1267.78	120
1268.72	122
1269.65	121
1270.58	123
1271.52	123
1272.45	121
1273.38	123
1274.32	124
1275.25	120
1276.18	121
1277.11	121
1278.04	122
1278.97	121
1279.91	121
1280.84	123
1281.77	122
1282.7	121
1283.63	122
1284.56	120
1285.49	125
1286.42	121
1287.35	122
1288.28	121
1289.21	122
1290.14	122
1291.07	120
1291.99	121
1292.92	122
1293.85	122
1294.78	124
1295.71	123
1296.64	122
1297.56	123
1298.49	122
1299.42	121
1300.34	120
1301.27	122
1302.2	121
1303.12	123
1304.05	120
1304.97	120
1305.9	121
1306.83	122
1307.75	120
1308.68	120
1309.6	121
1310.52	121
1311.45	118
1312.37	122
1313.3	119
1314.22	119
1315.14	121
1316.07	121
1316.99	121
1317.91	122
1318.84	123
1319.76	122
1320.68	119
1321.6	122
1322.52	119
1323.45	120
1324.37	119
1325.29	121
1326.21	121
1327.13	120
1328.05	121
1328.97	120
1329.89	121
1330.81	120
1331.73	123
1332.65	121
1333.57	118
1334.49	118
1335.41	119
1336.33	121
1337.24	119
1338.16	123
1339.08	121
1340	121
1340.92	119
1341.83	121
1342.75	117
1343.67	119
1344.59	122
1345.5	122
1346.42	120
1347.33	120
1348.25	119
1349.17	120
1350.08	119
1351	120
1351.91	119
1352.83	120
1353.74	119
1354.66	119
1355.57	118
1356.49	119
1357.4	121
1358.31	119
1359.23	120
1360.14	120
1361.05	119
1361.97	118
1362.88	120
1363.79	119
1364.7	121
1365.62	120
1366.53	119
1367.44	122
1368.35	120
1369.26	118
1370.17	119
1371.08	119
1372	120
1372.91	120
1373.82	118
1374.73	120
1375.64	118
1376.55	118
1377.45	120
1378.36	120
1379.27	118
1380.18	120
1381.09	119
1382	118
1382.91	118
1383.82	119
1384.72	117
1385.63	120
1386.54	119
1387.45	118
1388.35	117
1389.26	119
1390.17	121
1391.07	119
1391.98	119
1392.88	118
1393.79	118
1394.7	119
1395.6	120
1396.51	116
1397.41	117
1398.32	119
1399.22	119
1400.12	118
1401.03	118
1401.93	117
1402.84	117
1403.74	120
1404.64	119
1405.55	119
1406.45	117
1407.35	118
1408.25	119
1409.16	117
1410.06	120
1410.96	118
1411.86	118
1412.76	117
1413.66	119
1414.57	118
1415.47	119
1416.37	116
1417.27	118
1418.17	117
1419.07	115
1419.97	117
1420.87	117
1421.77	117
1422.67	120
1423.56	117
1424.46	118
1425.36	119
1426.26	117
1427.16	116
1428.06	118
1428.95	117
1429.85	116
1430.75	115
1431.65	118
1432.54	116
1433.44	117
1434.34	119
1435.23	117
1436.13	118
1437.03	118
1437.92	116
1438.82	118
1439.71	117
1440.61	119
1441.5	120
1442.4	116
1443.29	117
1444.19	115
1445.08	118
1445.97	119
1446.87	116
1447.76	115
1448.65	119
1449.55	120
1450.44	116
1451.33	119
1452.23	117
1453.12	119
1454.01	117
1454.9	113
1455.79	117
1456.68	115
1457.58	119
1458.47	114
1459.36	116
1460.25	118
1461.14	116
1462.03	115
1462.92	115
1463.81	116
1464.7	116
1465.59	115
1466.48	116
1467.37	117
1468.26	116
1469.14	115
1470.03	117
1470.92	118
1471.81	116
1472.7	113
1473.58	119
1474.47	117
1475.36	115
1476.25	117
1477.13	119
1478.02	113
1478.91	115
1479.79	114
1480.68	115
1481.56	117
1482.45	114
1483.33	117
1484.22	113
1485.1	115
1485.99	117
1486.87	115
1487.76	115
1488.64	116
1489.53	117
1490.41	114
1491.29	116
1492.18	115
1493.06	115
1493.94	115
1494.83	117
1495.71	116
1496.59	116
1497.47	115
1498.36	115
1499.24	117
1500.12	117
1501	114
1501.88	117
1502.76	115
1503.64	115
1504.52	115
1505.4	115
1506.28	116
1507.16	116
1508.04	114
1508.92	117
1509.8	116
1510.68	117
1511.56	115
1512.44	114
1513.32	113
1514.2	114
1515.07	111
1515.95	113
1516.83	115
1517.71	114
1518.58	117
1519.46	114
1520.34	116
1521.21	114
1522.09	113
1522.97	113
1523.84	116
1524.72	112
1525.6	114
1526.47	115
1527.35	115
1528.22	114
1529.1	113
1529.97	118
1530.85	114
1531.72	117
1532.59	115
1533.47	112
1534.34	112
1535.21	116
1536.09	115
1536.96	115
1537.83	113
1538.71	115
1539.58	114
1540.45	113
1541.32	113
1542.2	115
1543.07	115
1543.94	115
1544.81	115
1545.68	117
1546.55	113
1547.42	114
1548.29	115
1549.16	114
1550.03	112
1550.9	112
1551.77	114
1552.64	110
1553.51	112
1554.38	112
1555.25	115
1556.12	115
1556.99	117
1557.86	116
1558.72	116
1559.59	115
1560.46	112
1561.33	112
1562.19	114
1563.06	115
1563.93	114
1564.79	113
1565.66	115
1566.53	115
1567.39	115
1568.26	114
1569.12	114
1569.99	115
1570.86	113
1571.72	114
1572.59	112
1573.45	114
1574.31	112
1575.18	112
1576.04	114
1576.91	115
1577.77	113
1578.63	117
1579.5	112
1580.36	114
1581.22	112
1582.09	112
1582.95	115
1583.81	114
1584.67	112
1585.53	113
1586.4	115
1587.26	113
1588.12	111
1588.98	113
1589.84	113
1590.7	114
1591.56	115
1592.42	114
1593.28	115
1594.14	113
1595	114
1595.86	114
1596.72	111
1597.58	113
1598.44	113
1599.3	113
1600.16	113
1601.01	112
1601.87	112
1602.73	115
1603.59	114
1604.44	113
1605.3	113
1606.16	112
1607.02	115
1607.87	112
1608.73	112
1609.59	114
1610.44	113
1611.3	113
1612.15	114
1613.01	113
1613.86	114
1614.72	114
1615.57	112
1616.43	113
1617.28	113
1618.14	111
1618.99	112
1619.85	114
1620.7	115
1621.55	113
1622.41	113
1623.26	113
1624.11	112
1624.97	115
1625.82	113
1626.67	113
1627.52	113
1628.37	114
1629.23	112
1630.08	113
1630.93	111
1631.78	114
1632.63	109
1633.48	114
1634.33	115
1635.18	111
1636.03	111
1636.88	112
1637.73	110
1638.58	112
1639.43	114
1640.28	112
1641.13	113
1641.98	111
1642.83	112
1643.67	112
1644.52	112
1645.37	111
1646.22	112
1647.07	111
1647.91	111
1648.76	113
1649.61	110
1650.45	112
1651.3	111
1652.15	111
1652.99	109
1653.84	110
1654.69	112
1655.53	108
1656.38	113
1657.22	113
1658.07	111
1658.91	111
1659.76	110
1660.6	111
1661.44	112
1662.29	108
1663.13	112
1663.98	111
1664.82	111
1665.66	110
1666.51	108
1667.35	111
1668.19	113
1669.03	112
1669.88	111
1670.72	113
1671.56	111
1672.4	112
1673.24	110
1674.08	112
1674.93	111
1675.77	112
1676.61	109
1677.45	112
1678.29	111
1679.13	110
1679.97	110
1680.81	110
1681.65	110
1682.49	110
1683.33	112
1684.16	109
1685	111
1685.84	110
1686.68	108
1687.52	110
1688.36	109
1689.19	111
1690.03	111
1690.87	112
1691.71	110
1692.54	109
1693.38	110
1694.22	110
1695.05	111
1695.89	109
1696.72	112
1697.56	110
1698.4	111
1699.23	112
1700.07	111
1700.9	110
1701.74	112
1702.57	111
1703.4	110
