System
Type	MANTARAY
Unit	WAVENUMBER
Rayleigh	785.035nm
Grating	1200gr

Measuring Condition
Acquisition Mode	SINGLE
Exposure Time	0.2s
Laser Filter	785nm
ND Filter	20%
Lens Magnification	MPLFLN20x
X Pixels	1024	Y Pixels	255


X Axis Data	Y Axis Data
742.85	1514
743.9	1550
744.94	1527
745.99	1518
747.04	1540
748.08	1514
749.13	1494
750.17	1494
751.22	1529
752.27	1545
753.31	1557
754.36	1553
755.4	1555
756.45	1547
757.49	1538
758.53	1535
759.58	1553
760.62	1552
761.66	1567
762.71	1572
763.75	1547
764.79	1595
765.84	1585
766.88	1598
767.92	1558
768.96	1586
770	1587
771.05	1595
772.09	1585
773.13	1610
774.17	1594
775.21	1611
776.25	1629
777.29	1621
778.33	1615
779.37	1630
780.41	1621
781.45	1633
782.49	1652
783.53	1643
784.57	1635
785.6	1628
786.64	1683
787.68	1651
788.72	1690
789.76	1682
790.79	1664
791.83	1699
792.87	1676
793.9	1675
794.94	1681
795.98	1710
797.01	1705
798.05	1685
799.08	1707
800.12	1725
801.16	1723
802.19	1715
803.22	1723
804.26	1727
805.29	1737
806.33	1764
807.36	1791
808.4	1743
809.43	1765
810.46	1748
811.5	1769
812.53	1764
813.56	1784
814.59	1729
815.63	1774
816.66	1745
817.69	1773
818.72	1764
819.75	1761
820.78	1773
821.81	1769
822.84	1793
823.87	1767
824.9	1805
825.93	1792
826.96	1780
827.99	1799
829.02	1800
830.05	1788
831.08	1797
832.11	1795
833.14	1787
834.17	1811
835.2	1779
836.22	1829
837.25	1813
838.28	1809
839.31	1825
840.33	1805
841.36	1804
842.39	1810
843.41	1812
844.44	1816
845.46	1823
846.49	1823
847.51	1839
848.54	1835
849.57	1838
850.59	1828
851.61	1870
852.64	1855
853.66	1879
854.69	1882
855.71	1860
856.73	1866
857.76	1847
858.78	1850
859.8	1861
860.83	1828
861.85	1873
862.87	1836
863.89	1859
864.91	1860
865.94	1889
866.96	1913
867.98	1903
869	1926
870.02	1922
871.04	1913
872.06	1875
873.08	1871
874.1	1896
875.12	1903
876.14	1929
877.16	1918
878.18	1922
879.2	1918
880.22	1922
881.23	1939
882.25	1952
883.27	1906
884.29	1915
885.3	1935
886.32	1975
887.34	1970
888.36	1951
889.37	1943
890.39	1997
891.41	1979
892.42	1982
893.44	1963
894.45	1987
895.47	2029
896.48	2009
897.5	2026
898.51	2006
899.53	2058
900.54	2031
901.56	2039
902.57	2049
903.58	2074
904.6	2054
905.61	2044
906.62	2095
907.63	2095
908.65	2116
909.66	2107
910.67	2075
911.68	2112
912.7	2079
913.71	2112
914.72	2110
915.73	2119
916.74	2119
917.75	2134
918.76	2123
919.77	2119
920.78	2149
921.79	2154
922.8	2205
923.81	2203
924.82	2191
925.83	2165
926.84	2174
927.84	2198
928.85	2177
929.86	2173
930.87	2183
931.88	2191
932.88	2218
933.89	2186
934.9	2179
935.9	2245
936.91	2210
937.92	2216
938.92	2204
939.93	2227
940.93	2212
941.94	2215
942.95	2227
943.95	2206
944.96	2212
945.96	2246
946.96	2234
947.97	2231
948.97	2250
949.98	2260
950.98	2234
951.98	2262
952.99	2250
953.99	2266
954.99	2269
955.99	2236
957	2255
958	2255
959	2277
960	2252
961	2269
962	2263
963.01	2302
964.01	2281
965.01	2313
966.01	2305
967.01	2287
968.01	2308
969.01	2343
970.01	2293
971.01	2297
972	2334
973	2307
974	2329
975	2305
976	2364
977	2311
977.99	2328
978.99	2362
979.99	2324
980.99	2377
981.98	2354
982.98	2346
983.98	2371
984.97	2348
985.97	2352
986.96	2381
987.96	2377
988.96	2373
989.95	2394
990.95	2397
991.94	2394
992.93	2423
993.93	2369
994.92	2377
995.92	2390
996.91	2382
997.9	2414
998.9	2428
999.89	2406
1000.88	2437
1001.88	2472
1002.87	2475
1003.86	2470
1004.85	2449
1005.84	2463
1006.84	2463
1007.83	2463
1008.82	2490
1009.81	2470
1010.8	2483
1011.79	2504
1012.78	2521
1013.77	2519
1014.76	2530
1015.75	2510
1016.74	2532
1017.73	2533
1018.72	2537
1019.71	2558
1020.7	2589
1021.68	2579
1022.67	2625
1023.66	2606
1024.65	2583
1025.64	2604
1026.62	2584
1027.61	2596
1028.6	2643
1029.58	2641
1030.57	2653
1031.56	2648
1032.54	2649
1033.53	2640
1034.51	2663
1035.5	2710
1036.49	2703
1037.47	2655
1038.46	2696
1039.44	2715
1040.42	2686
1041.41	2735
1042.39	2712
1043.38	2723
1044.36	2694
1045.34	2711
1046.33	2726
1047.31	2753
1048.29	2733
1049.27	2760
1050.26	2746
1051.24	2739
1052.22	2774
1053.2	2814
1054.18	2777
1055.16	2776
1056.15	2749
1057.13	2791
1058.11	2772
1059.09	2806
1060.07	2788
1061.05	2829
1062.03	2814
1063.01	2800
1063.99	2805
1064.96	2841
1065.94	2814
1066.92	2808
1067.9	2800
1068.88	2822
1069.86	2836
1070.83	2831
1071.81	2820
1072.79	2833
1073.77	2807
1074.74	2826
1075.72	2809
1076.7	2838
1077.67	2796
1078.65	2831
1079.63	2837
1080.6	2864
1081.58	2859
1082.55	2869
1083.53	2876
1084.5	2881
1085.48	2850
1086.45	2877
1087.43	2835
1088.4	2882
1089.37	2880
1090.35	2873
1091.32	2888
1092.29	2864
1093.27	2894
1094.24	2896
1095.21	2887
1096.18	2886
1097.16	2875
1098.13	2888
1099.1	2930
1100.07	2907
1101.04	2917
1102.01	2915
1102.98	2917
1103.95	2934
1104.93	2919
1105.9	2935
1106.87	2941
1107.84	2930
1108.8	2956
1109.77	2945
1110.74	3004
1111.71	2990
1112.68	2978
1113.65	2984
1114.62	2932
1115.59	2963
1116.55	2998
1117.52	2998
1118.49	3009
1119.46	3005
1120.42	2987
1121.39	3005
1122.36	3005
1123.32	3014
1124.29	3053
1125.26	3080
1126.22	3018
1127.19	3079
1128.15	3057
1129.12	3088
1130.08	3071
1131.05	3096
1132.01	3133
1132.98	3108
1133.94	3092
1134.9	3109
1135.87	3133
1136.83	3119
1137.8	3142
1138.76	3149
1139.72	3145
1140.68	3167
1141.65	3171
1142.61	3175
1143.57	3168
1144.53	3195
1145.49	3229
1146.46	3199
1147.42	3237
1148.38	3227
1149.34	3211
1150.3	3194
1151.26	3218
1152.22	3227
1153.18	3235
1154.14	3243
1155.1	3254
1156.06	3257
1157.02	3246
1157.98	3239
1158.93	3273
1159.89	3272
1160.85	3289
1161.81	3294
1162.77	3330
1163.73	3308
1164.68	3341
1165.64	3326
1166.6	3308
1167.55	3328
1168.51	3309
1169.47	3355
1170.42	3344
1171.38	3352
1172.33	3317
1173.29	3290
1174.25	3321
1175.2	3355
1176.16	3297
1177.11	3338
1178.07	3309
1179.02	3326
1179.97	3328
1180.93	3326
1181.88	3337
1182.83	3366
1183.79	3340
1184.74	3351
1185.69	3350
1186.65	3362
1187.6	3367
1188.55	3303
1189.5	3352
1190.45	3354
1191.41	3313
1192.36	3341
1193.31	3334
1194.26	3344
1195.21	3335
1196.16	3362
1197.11	3347
1198.06	3365
1199.01	3345
1199.96	3427
1200.91	3411
1201.86	3382
1202.81	3356
1203.76	3346
1204.71	3376
1205.66	3421
1206.6	3357
1207.55	3370
1208.5	3392
1209.45	3403
1210.39	3395
1211.34	3392
1212.29	3404
1213.24	3436
1214.18	3431
1215.13	3423
1216.08	3426
1217.02	3443
1217.97	3461
1218.91	3465
1219.86	3446
1220.8	3435
1221.75	3444
1222.69	3499
1223.64	3447
1224.58	3473
1225.53	3457
1226.47	3462
1227.41	3477
1228.36	3496
1229.3	3515
1230.24	3515
1231.19	3526
1232.13	3552
1233.07	3537
1234.01	3503
1234.96	3493
1235.9	3499
1236.84	3551
1237.78	3556
1238.72	3551
1239.66	3559
1240.6	3561
1241.54	3580
1242.48	3598
1243.42	3561
1244.36	3569
1245.3	3654
1246.24	3649
1247.18	3619
1248.12	3630
1249.06	3640
1250	3626
1250.94	3670
1251.88	3660
1252.81	3697
1253.75	3664
1254.69	3682
1255.63	3726
1256.57	3763
1257.5	3703
1258.44	3672
1259.38	3673
1260.31	3722
1261.25	3744
1262.18	3702
1263.12	3721
1264.06	3730
1264.99	3763
1265.93	3751
1266.86	3722
1267.8	3751
1268.73	3734
1269.67	3741
1270.6	3755
1271.53	3771
1272.47	3752
1273.4	3787
1274.33	3753
1275.27	3735
1276.2	3743
1277.13	3766
1278.07	3798
1279	3793
1279.93	3785
1280.86	3769
1281.79	3778
1282.73	3783
1283.66	3824
1284.59	3817
1285.52	3770
1286.45	3820
1287.38	3784
1288.31	3802
1289.24	3821
1290.17	3788
1291.1	3790
1292.03	3787
1292.96	3796
1293.89	3774
1294.82	3779
1295.75	3820
1296.67	3791
1297.6	3800
1298.53	3780
1299.46	3790
1300.39	3795
1301.31	3791
1302.24	3774
1303.17	3804
1304.09	3808
1305.02	3782
1305.95	3792
1306.87	3777
1307.8	3828
1308.72	3787
1309.65	3793
1310.58	3811
1311.5	3825
1312.43	3831
1313.35	3823
1314.27	3819
1315.2	3816
1316.12	3818
1317.05	3816
1317.97	3889
1318.89	3830
1319.82	3849
1320.74	3899
1321.66	3860
1322.59	3888
1323.51	3904
1324.43	3864
1325.35	3903
1326.27	3871
1327.2	3934
1328.12	3891
1329.04	3937
1329.96	3939
1330.88	3934
1331.8	3958
1332.72	3942
1333.64	3993
1334.56	3939
1335.48	3990
1336.4	3974
1337.32	3997
1338.24	3996
1339.16	4018
1340.08	4001
1341	4021
1341.91	4018
1342.83	4084
1343.75	4110
1344.67	4073
1345.59	4053
1346.5	4075
1347.42	4070
1348.34	4080
1349.25	4089
1350.17	4099
1351.09	4099
1352	4119
1352.92	4138
1353.83	4111
1354.75	4160
1355.67	4127
1356.58	4125
1357.5	4119
1358.41	4132
1359.32	4155
1360.24	4124
1361.15	4152
1362.07	4182
1362.98	4145
1363.89	4139
1364.81	4188
1365.72	4183
1366.63	4199
1367.55	4158
1368.46	4187
1369.37	4202
1370.28	4200
1371.19	4207
1372.11	4165
1373.02	4151
1373.93	4175
1374.84	4207
1375.75	4178
1376.66	4170
1377.57	4178
1378.48	4196
1379.39	4146
1380.3	4165
1381.21	4171
1382.12	4192
1383.03	4153
1383.94	4176
1384.85	4178
1385.76	4213
1386.66	4186
1387.57	4175
1388.48	4145
1389.39	4180
1390.3	4166
1391.2	4202
1392.11	4195
1393.02	4159
1393.92	4182
1394.83	4185
1395.74	4180
1396.64	4136
1397.55	4160
1398.45	4124
1399.36	4122
1400.27	4144
1401.17	4177
1402.08	4136
1402.98	4133
1403.88	4163
1404.79	4177
1405.69	4196
1406.6	4184
1407.5	4194
1408.4	4183
1409.31	4212
1410.21	4162
1411.11	4202
1412.02	4202
1412.92	4202
1413.82	4210
1414.72	4196
1415.62	4197
1416.53	4229
1417.43	4208
1418.33	4271
1419.23	4282
1420.13	4263
1421.03	4276
1421.93	4287
1422.83	4307
1423.73	4273
1424.63	4294
1425.53	4311
1426.43	4290
1427.33	4322
1428.23	4309
1429.13	4333
1430.03	4292
1430.93	4314
1431.82	4302
1432.72	4348
1433.62	4335
1434.52	4331
1435.41	4379
1436.31	4375
1437.21	4382
1438.11	4387
1439	4348
1439.9	4380
1440.8	4432
1441.69	4352
1442.59	4412
1443.48	4398
1444.38	4403
1445.27	4442
1446.17	4430
1447.06	4441
1447.96	4447
1448.85	4461
1449.75	4475
1450.64	4459
1451.53	4482
1452.43	4465
1453.32	4468
1454.21	4466
1455.11	4519
1456	4488
1456.89	4469
1457.78	4468
1458.68	4489
1459.57	4499
1460.46	4494
1461.35	4497
1462.24	4493
1463.13	4468
1464.03	4471
1464.92	4483
1465.81	4525
1466.7	4517
1467.59	4480
1468.48	4496
1469.37	4497
1470.26	4494
1471.15	4489
1472.04	4516
1472.92	4477
1473.81	4482
1474.7	4491
1475.59	4512
1476.48	4502
1477.37	4498
1478.25	4536
1479.14	4497
1480.03	4493
1480.92	4529
1481.8	4504
1482.69	4507
1483.58	4511
1484.46	4511
1485.35	4464
1486.23	4504
1487.12	4506
1488.01	4496
1488.89	4498
1489.78	4488
1490.66	4517
1491.55	4499
1492.43	4519
1493.31	4520
1494.2	4524
1495.08	4481
1495.97	4513
1496.85	4528
1497.73	4549
1498.62	4524
1499.5	4509
1500.38	4527
1501.26	4530
1502.15	4538
1503.03	4552
1503.91	4553
1504.79	4545
1505.67	4534
1506.56	4607
1507.44	4623
1508.32	4572
1509.2	4607
1510.08	4601
1510.96	4605
1511.84	4605
1512.72	4630
1513.6	4662
1514.48	4716
1515.36	4751
1516.24	4717
1517.12	4681
1517.99	4711
1518.87	4661
1519.75	4669
1520.63	4660
1521.51	4704
1522.39	4697
1523.26	4690
1524.14	4704
1525.02	4765
1525.89	4760
1526.77	4755
1527.65	4740
1528.52	4731
1529.4	4810
1530.28	4769
1531.15	4810
1532.03	4786
1532.9	4790
1533.78	4787
1534.65	4811
1535.53	4831
1536.4	4830
1537.28	4849
1538.15	4864
1539.02	4811
1539.9	4858
1540.77	4851
1541.64	4878
1542.52	4855
1543.39	4835
1544.26	4844
1545.14	4854
1546.01	4865
1546.88	4864
1547.75	4904
1548.62	4859
1549.5	4903
1550.37	4917
1551.24	4869
1552.11	4884
1552.98	4882
1553.85	4914
1554.72	4926
1555.59	4926
1556.46	4906
1557.33	4885
1558.2	4922
1559.07	4910
1559.94	4896
1560.81	4919
1561.68	4889
1562.54	4921
1563.41	4924
1564.28	4911
1565.15	4896
1566.02	4909
1566.88	4912
1567.75	4874
1568.62	4925
1569.49	4909
1570.35	4915
1571.22	4912
1572.09	4887
1572.95	4984
1573.82	4909
1574.68	4917
1575.55	4896
1576.41	4928
1577.28	4912
1578.14	4943
1579.01	4922
1579.87	4875
1580.74	4926
1581.6	4905
1582.47	4904
1583.33	4922
1584.19	4926
1585.06	4922
1585.92	4928
1586.78	4926
1587.65	4929
1588.51	4927
1589.37	4936
1590.23	4974
1591.1	4961
1591.96	4954
1592.82	4923
1593.68	4939
1594.54	4970
1595.4	4990
1596.26	5027
1597.12	5015
1597.98	5013
1598.84	5036
1599.7	5009
1600.56	5022
1601.42	5070
1602.28	5031
1603.14	5042
1604	5076
1604.86	5045
1605.72	5084
1606.58	5140
1607.44	5102
1608.29	5112
1609.15	5138
1610.01	5110
1610.87	5117
1611.72	5148
1612.58	5133
1613.44	5195
1614.29	5143
1615.15	5130
1616.01	5157
1616.86	5199
1617.72	5148
1618.57	5156
1619.43	5185
1620.29	5171
1621.14	5207
1622	5208
1622.85	5237
1623.7	5212
1624.56	5227
1625.41	5231
1626.27	5245
1627.12	5214
1627.97	5251
1628.83	5273
1629.68	5287
1630.53	5271
1631.39	5230
1632.24	5238
1633.09	5233
1633.94	5306
1634.8	5280
1635.65	5261
1636.5	5299
1637.35	5291
1638.2	5256
1639.05	5242
1639.9	5246
1640.75	5280
1641.6	5295
1642.45	5259
1643.3	5232
1644.15	5253
1645	5324
1645.85	5291
1646.7	5265
1647.55	5297
1648.4	5308
1649.25	5280
1650.1	5256
1650.94	5283
1651.79	5265
1652.64	5268
1653.49	5283
1654.34	5252
1655.18	5279
1656.03	5296
1656.88	5252
1657.72	5273
1658.57	5280
1659.42	5280
1660.26	5261
1661.11	5235
1661.95	5310
1662.8	5287
1663.64	5275
1664.49	5322
1665.33	5288
1666.18	5268
1667.02	5311
1667.87	5303
1668.71	5277
1669.56	5369
1670.4	5363
1671.24	5157
1672.09	5416
1672.93	5360
1673.77	5421
1674.61	4901
1675.46	6645
1676.3	6049
1677.14	3696
1677.98	1840
1678.82	963
1679.67	577
1680.51	395
1681.35	307
1682.19	277
1683.03	249
1683.87	237
1684.71	220
1685.55	219
1686.39	217
1687.23	215
1688.07	203
1688.91	203
1689.75	204
1690.59	207
1691.43	200
1692.27	211
1693.1	200
1693.94	197
1694.78	207
1695.62	200
1696.46	198
1697.29	197
1698.13	203
1698.97	209
1699.8	189
1700.64	193
1701.48	193
1702.31	195
1703.15	188
1703.99	188
