System
Type	MANTARAY
Unit	WAVENUMBER
Rayleigh	532.021nm
Grating	1200gr

Measuring Condition
Acquisition Mode	SINGLE
Exposure Time	0.2s
Laser Filter	532nm
ND Filter	20%
Lens Magnification	MPLFLN20x
X Pixels	1024	Y Pixels	255


X Axis Data	Y Axis Data
-136.93	102
-133.99	102
-131.05	103
-128.12	104
-125.18	103
-122.25	101
-119.32	102
-116.39	104
-113.46	102
-110.53	102
-107.6	101
-104.67	105
-101.74	102
-98.82	101
-95.89	103
-92.97	103
-90.05	103
-87.12	103
-84.2	101
-81.28	101
-78.36	101
-75.44	103
-72.53	102
-69.61	103
-66.69	101
-63.78	103
-60.87	103
-57.95	101
-55.04	103
-52.13	102
-49.22	103
-46.31	103
-43.4	102
-40.49	101
-37.59	103
-34.68	103
-31.78	102
-28.87	101
-25.97	102
-23.07	102
-20.17	100
-17.27	102
-14.37	102
-11.47	103
-8.57	101
-5.68	102
-2.78	107
0.12	106
3.01	104
5.9	102
8.79	103
11.68	103
14.58	104
17.46	104
20.35	102
23.24	103
26.13	102
29.01	100
31.9	101
34.78	102
37.66	102
40.55	102
43.43	102
46.31	105
49.19	104
52.06	102
54.94	103
57.82	105
60.69	103
63.57	103
66.44	103
69.32	103
72.19	105
75.06	108
77.93	108
80.8	116
83.67	133
86.53	157
89.4	188
92.27	242
95.13	289
97.99	312
100.86	336
103.72	352
106.58	358
109.44	361
112.3	365
115.16	371
118.02	369
120.87	367
123.73	367
126.58	370
129.44	359
132.29	374
135.14	362
137.99	369
140.84	365
143.69	369
146.54	370
149.39	364
152.24	368
155.08	369
157.93	375
160.77	373
163.62	377
166.46	372
169.3	372
172.14	369
174.98	378
177.82	375
180.66	374
183.49	372
186.33	371
189.16	378
192	378
194.83	378
197.67	378
200.5	380
203.33	377
206.16	380
208.99	380
211.81	388
214.64	384
217.47	382
220.29	383
223.12	390
225.94	388
228.76	395
231.59	380
234.41	386
237.23	393
240.05	385
242.87	392
245.68	388
248.5	395
251.32	399
254.13	397
256.94	401
259.76	396
262.57	397
265.38	394
268.19	393
271	400
273.81	408
276.62	400
279.42	401
282.23	398
285.03	399
287.84	405
290.64	403
293.44	395
296.25	402
299.05	411
301.85	394
304.65	408
307.44	401
310.24	407
313.04	404
315.83	402
318.63	415
321.42	414
324.21	408
327.01	411
329.8	410
332.59	411
335.38	409
338.16	416
340.95	414
343.74	411
346.52	422
349.31	421
352.09	411
354.88	413
357.66	420
360.44	421
363.22	413
366	414
368.78	420
371.56	412
374.33	423
377.11	419
379.89	424
382.66	419
385.43	420
388.21	424
390.98	429
393.75	416
396.52	427
399.29	419
402.06	429
404.83	426
407.59	429
410.36	433
413.12	435
415.89	425
418.65	431
421.41	432
424.17	431
426.93	438
429.69	443
432.45	444
435.21	445
437.97	445
440.72	439
443.48	449
446.23	445
448.99	448
451.74	450
454.49	448
457.24	438
459.99	458
462.74	449
465.49	446
468.24	448
470.99	442
473.73	449
476.48	443
479.22	447
481.97	447
484.71	448
487.45	448
490.19	447
492.93	445
495.67	453
498.41	453
501.14	455
503.88	460
506.62	457
509.35	460
512.09	461
514.82	455
517.55	458
520.28	459
523.01	461
525.74	459
528.47	468
531.2	468
533.93	462
536.65	467
539.38	476
542.1	460
544.83	469
547.55	460
550.27	474
552.99	470
555.71	468
558.43	465
561.15	481
563.87	467
566.59	482
569.3	478
572.02	479
574.73	478
577.44	469
580.16	489
582.87	481
585.58	474
588.29	478
591	480
593.71	479
596.41	477
599.12	481
601.83	480
604.53	483
607.24	468
609.94	479
612.64	485
615.34	484
618.04	477
620.74	477
623.44	478
626.14	482
628.84	486
631.54	480
634.23	491
636.93	483
639.62	483
642.31	490
645.01	489
647.7	489
650.39	482
653.08	492
655.77	492
658.45	490
661.14	494
663.83	494
666.51	491
669.2	497
671.88	492
674.57	480
677.25	504
679.93	490
682.61	493
685.29	497
687.97	502
690.65	496
693.32	502
696	501
698.68	494
701.35	498
704.02	515
706.7	499
709.37	505
712.04	504
714.71	507
717.38	512
720.05	501
722.72	502
725.39	509
728.05	513
730.72	508
733.38	512
736.05	507
738.71	513
741.37	519
744.03	518
746.69	515
749.35	520
752.01	513
754.67	514
757.33	523
759.98	517
762.64	523
765.29	517
767.95	511
770.6	517
773.25	518
775.91	523
778.56	522
781.21	519
783.85	522
786.5	535
789.15	521
791.8	531
794.44	526
797.09	522
799.73	525
802.37	533
805.02	537
807.66	539
810.3	535
812.94	539
815.58	531
818.22	531
820.85	540
823.49	529
826.13	542
828.76	540
831.39	552
834.03	531
836.66	536
839.29	544
841.92	543
844.55	544
847.18	538
849.81	536
852.44	540
855.06	529
857.69	541
860.32	541
862.94	535
865.56	551
868.19	536
870.81	547
873.43	549
876.05	559
878.67	547
881.29	557
883.9	556
886.52	554
889.14	561
891.75	561
894.37	552
896.98	562
899.59	570
902.21	555
904.82	571
907.43	556
910.04	560
912.65	563
915.25	574
917.86	563
920.47	566
923.07	568
925.68	574
928.28	562
930.88	557
933.49	571
936.09	570
938.69	563
941.29	568
943.89	564
946.49	569
949.08	570
951.68	580
954.28	583
956.87	577
959.47	567
962.06	580
964.65	573
967.24	589
969.83	577
972.42	582
975.01	575
977.6	568
980.19	581
982.78	566
985.36	575
987.95	582
990.53	582
993.12	590
995.7	570
998.28	578
1000.86	586
1003.44	582
1006.02	589
1008.6	587
1011.18	587
1013.76	587
1016.33	592
1018.91	592
1021.48	591
1024.06	590
1026.63	589
1029.2	588
1031.78	584
1034.35	600
1036.92	591
1039.49	593
1042.05	598
1044.62	603
1047.19	602
1049.75	595
1052.32	611
1054.88	601
1057.45	602
1060.01	592
1062.57	601
1065.13	605
1067.69	604
1070.25	603
1072.81	602
1075.37	607
1077.93	610
1080.48	616
1083.04	615
1085.6	606
1088.15	623
1090.7	615
1093.26	629
1095.81	617
1098.36	615
1100.91	621
1103.46	616
1106.01	629
1108.55	622
1111.1	622
1113.65	625
1116.19	627
1118.74	626
1121.28	619
1123.82	624
1126.37	644
1128.91	638
1131.45	631
1133.99	631
1136.53	648
1139.06	641
1141.6	641
1144.14	641
1146.67	652
1149.21	649
1151.74	642
1154.28	647
1156.81	649
1159.34	654
1161.87	656
1164.4	646
1166.93	650
1169.46	643
1171.99	649
1174.52	652
1177.04	650
1179.57	653
1182.09	646
1184.62	668
1187.14	657
1189.66	671
1192.19	659
1194.71	657
1197.23	662
1199.75	669
1202.27	665
1204.78	660
1207.3	666
1209.82	669
1212.33	672
1214.85	672
1217.36	669
1219.87	675
1222.39	668
1224.9	679
1227.41	670
1229.92	678
1232.43	678
1234.94	693
1237.44	678
1239.95	689
1242.46	688
1244.96	700
1247.47	692
1249.97	704
1252.47	703
1254.98	701
1257.48	705
1259.98	697
1262.48	702
1264.98	699
1267.47	696
1269.97	695
1272.47	699
1274.96	717
1277.46	731
1279.95	733
1282.45	747
1284.94	753
1287.43	754
1289.92	761
1292.42	758
1294.9	755
1297.39	762
1299.88	757
1302.37	767
1304.86	780
1307.34	794
1309.83	823
1312.31	829
1314.8	832
1317.28	825
1319.76	830
1322.24	818
1324.72	815
1327.2	810
1329.68	795
1332.16	806
1334.64	781
1337.11	796
1339.59	779
1342.06	781
1344.54	782
1347.01	775
1349.49	773
1351.96	774
1354.43	777
1356.9	785
1359.37	796
1361.84	803
1364.31	793
1366.77	792
1369.24	803
1371.71	805
1374.17	789
1376.64	785
1379.1	779
1381.56	792
1384.02	783
1386.49	772
1388.95	772
1391.41	791
1393.87	766
1396.32	776
1398.78	773
1401.24	763
1403.69	765
1406.15	759
1408.6	753
1411.06	753
1413.51	753
1415.96	755
1418.41	761
1420.86	759
1423.31	742
1425.76	757
1428.21	773
1430.66	755
1433.11	761
1435.55	764
1438	766
1440.44	772
1442.89	771
1445.33	760
1447.77	755
1450.21	765
1452.65	754
1455.09	756
1457.53	751
1459.97	758
1462.41	756
1464.85	756
1467.28	754
1469.72	750
1472.15	749
1474.59	758
1477.02	756
1479.45	758
1481.89	749
1484.32	754
1486.75	746
1489.18	736
1491.6	742
1494.03	756
1496.46	762
1498.89	756
1501.31	757
1503.74	757
1506.16	744
1508.59	750
1511.01	753
1513.43	753
1515.85	752
1518.27	761
1520.69	751
1523.11	758
1525.53	768
1527.95	766
1530.36	766
1532.78	756
1535.19	766
1537.61	789
1540.02	768
1542.43	764
1544.85	776
1547.26	778
1549.67	777
1552.08	783
1554.49	778
1556.9	785
1559.3	794
1561.71	784
1564.12	784
1566.52	789
1568.93	793
1571.33	771
1573.74	789
1576.14	785
1578.54	789
1580.94	816
1583.34	789
1585.74	803
1588.14	790
1590.54	805
1592.93	785
1595.33	791
1597.73	799
1600.12	784
1602.52	802
1604.91	807
1607.3	804
1609.7	802
1612.09	804
1614.48	785
1616.87	773
1619.26	777
1621.64	788
1624.03	798
1626.42	780
1628.81	777
1631.19	790
1633.58	780
1635.96	780
1638.34	771
1640.73	783
1643.11	778
1645.49	785
1647.87	785
1650.25	777
1652.63	784
1655.01	782
1657.38	789
1659.76	783
1662.14	781
1664.51	791
1666.88	788
1669.26	793
1671.63	807
1674	791
1676.37	781
1678.75	785
1681.12	793
1683.48	797
1685.85	780
1688.22	790
1690.59	787
1692.95	791
1695.32	807
1697.69	782
1700.05	797
1702.41	786
1704.78	805
1707.14	805
1709.5	797
1711.86	805
1714.22	804
1716.58	805
1718.94	807
1721.29	808
1723.65	806
1726.01	803
1728.36	812
1730.72	816
1733.07	807
1735.42	815
1737.78	816
1740.13	818
1742.48	812
1744.83	814
1747.18	814
1749.53	812
1751.88	807
1754.22	812
1756.57	816
1758.92	810
1761.26	824
1763.61	803
1765.95	809
1768.29	816
1770.63	816
1772.98	817
1775.32	813
1777.66	817
1780	823
1782.33	820
1784.67	820
1787.01	825
1789.35	824
1791.68	803
1794.02	819
1796.35	826
1798.69	825
1801.02	822
1803.35	821
1805.68	823
1808.01	826
1810.34	824
1812.67	827
1815	828
1817.33	821
1819.66	835
1821.98	828
1824.31	826
1826.63	818
1828.96	831
1831.28	831
1833.6	826
1835.92	826
1838.25	819
1840.57	813
1842.89	817
1845.21	822
1847.52	823
1849.84	818
1852.16	814
1854.48	831
1856.79	823
1859.11	811
1861.42	823
1863.73	802
1866.05	806
1868.36	811
1870.67	796
1872.98	810
1875.29	799
1877.6	801
1879.91	811
1882.22	808
1884.52	797
1886.83	801
1889.13	801
1891.44	796
1893.74	803
1896.05	815
1898.35	811
1900.65	818
1902.95	831
1905.25	830
1907.55	831
1909.85	839
1912.15	823
1914.45	837
1916.75	855
1919.04	839
1921.34	841
1923.63	859
1925.93	845
1928.22	842
1930.51	838
1932.81	868
1935.1	846
1937.39	847
1939.68	845
1941.97	851
1944.26	863
1946.54	848
1948.83	855
1951.12	859
1953.4	866
1955.69	855
1957.97	873
1960.26	862
1962.54	865
1964.82	859
1967.1	874
1969.38	882
1971.66	863
1973.94	854
1976.22	869
1978.5	845
1980.78	872
1983.05	879
1985.33	866
1987.61	860
1989.88	878
1992.15	871
1994.43	864
1996.7	854
1998.97	859
2001.24	865
2003.51	871
2005.78	880
2008.05	864
2010.32	874
2012.59	854
2014.85	892
2017.12	882
2019.38	880
2021.65	868
2023.91	886
2026.18	877
2028.44	886
2030.7	890
2032.96	874
2035.22	893
2037.48	874
2039.74	875
2042	889
2044.26	874
2046.51	888
2048.77	887
2051.03	887
2053.28	894
2055.54	897
2057.79	895
2060.04	902
2062.29	893
2064.55	901
2066.8	885
2069.05	899
2071.3	889
2073.54	900
2075.79	904
2078.04	902
2080.29	896
2082.53	906
2084.78	905
2087.02	896
2089.27	908
2091.51	915
2093.75	908
2095.99	904
2098.23	915
2100.47	910
2102.71	907
2104.95	911
2107.19	911
2109.43	908
2111.67	905
2113.9	914
2116.14	922
2118.37	916
2120.61	902
2122.84	899
2125.07	910
2127.3	909
2129.54	909
2131.77	915
2134	905
2136.23	912
2138.45	909
2140.68	918
2142.91	908
2145.14	917
2147.36	917
2149.59	910
2151.81	911
2154.03	915
2156.26	918
2158.48	918
2160.7	915
2162.92	905
2165.14	923
2167.36	906
2169.58	926
2171.8	910
2174.02	923
2176.24	906
2178.45	913
2180.67	921
2182.88	911
2185.1	928
2187.31	933
2189.52	917
2191.73	910
2193.95	915
2196.16	910
2198.37	923
2200.58	909
2202.79	932
2204.99	928
2207.2	936
2209.41	917
2211.61	931
2213.82	931
2216.02	920
2218.23	933
2220.43	934
2222.63	934
2224.84	928
2227.04	933
2229.24	931
2231.44	930
2233.64	924
2235.83	933
2238.03	931
2240.23	931
2242.43	940
2244.62	928
2246.82	932
2249.01	939
2251.21	926
2253.4	949
2255.59	939
2257.78	936
2259.97	940
2262.16	943
2264.35	941
2266.54	949
2268.73	942
2270.92	945
2273.11	948
2275.29	945
2277.48	928
2279.66	952
2281.85	945
2284.03	933
2286.21	945
2288.4	946
2290.58	945
2292.76	950
2294.94	957
2297.12	952
2299.3	951
2301.48	953
2303.65	957
2305.83	931
2308.01	962
2310.18	956
2312.36	946
2314.53	944
2316.71	945
2318.88	955
2321.05	959
2323.22	957
2325.39	949
2327.56	949
2329.73	956
2331.9	942
2334.07	937
2336.24	949
2338.41	947
2340.57	958
2342.74	958
2344.9	948
2347.07	969
2349.23	965
2351.39	950
2353.56	960
2355.72	962
2357.88	958
2360.04	954
2362.2	962
2364.36	963
2366.51	960
2368.67	968
2370.83	962
2372.99	976
2375.14	958
2377.3	972
2379.45	964
2381.6	979
2383.76	990
2385.91	964
2388.06	971
2390.21	979
2392.36	982
2394.51	983
2396.66	984
2398.81	964
2400.96	977
2403.1	978
2405.25	987
2407.4	994
2409.54	966
2411.68	981
2413.83	979
2415.97	1012
2418.11	1008
2420.26	983
2422.4	992
2424.54	1001
2426.68	994
2428.82	985
2430.95	994
2433.09	999
2435.23	999
