System
Type	MANTARAY
Unit	WAVENUMBER
Rayleigh	532.021nm
Grating	1200gr

Measuring Condition
Acquisition Mode	SINGLE
Exposure Time	0.2s
Laser Filter	532nm
ND Filter	20%
Lens Magnification	MPLFLN20x
X Pixels	1024	Y Pixels	255


X Axis Data	Y Axis Data
-136.86	99
-133.92	100
-130.99	99
-128.05	99
-125.12	98
-122.19	100
-119.25	99
-116.32	100
-113.39	100
-110.46	99
-107.54	100
-104.61	99
-101.68	99
-98.76	99
-95.83	98
-92.91	98
-89.99	101
-87.06	100
-84.14	101
-81.22	99
-78.3	99
-75.39	99
-72.47	99
-69.55	100
-66.64	100
-63.72	100
-60.81	101
-57.9	98
-54.99	100
-52.08	100
-49.17	100
-46.26	99
-43.35	98
-40.44	101
-37.54	101
-34.63	100
-31.73	99
-28.82	100
-25.92	99
-23.02	99
-20.12	100
-17.22	99
-14.32	99
-11.42	99
-8.52	100
-5.63	99
-2.73	101
0.16	98
3.06	97
5.95	100
8.84	100
11.73	99
14.62	99
17.51	98
20.4	99
23.28	99
26.17	100
29.05	99
31.94	100
34.82	97
37.7	99
40.59	100
43.47	99
46.35	99
49.23	101
52.1	100
54.98	103
57.86	101
60.73	102
63.61	100
66.48	100
69.35	101
72.22	100
75.09	101
77.96	103
80.83	108
83.7	113
86.57	120
89.43	138
92.3	150
95.16	172
98.03	186
100.89	195
103.75	203
106.61	213
109.47	210
112.33	213
115.19	210
118.05	216
120.9	215
123.76	216
126.61	210
129.47	211
132.32	215
135.17	213
138.02	216
140.87	213
143.72	215
146.57	212
149.42	216
152.26	212
155.11	210
157.96	211
160.8	214
163.64	213
166.48	215
169.33	216
172.17	212
175	220
177.84	214
180.68	218
183.52	219
186.35	207
189.19	215
192.02	216
194.86	217
197.69	218
200.52	207
203.35	217
206.18	210
209.01	224
211.84	216
214.66	221
217.49	211
220.31	212
223.14	214
225.96	219
228.78	217
231.61	222
234.43	224
237.25	221
240.06	225
242.88	218
245.7	217
248.52	220
251.33	220
254.15	216
256.96	219
259.77	216
262.58	219
265.4	218
268.21	224
271.02	220
273.82	220
276.63	223
279.44	224
282.24	224
285.05	225
287.85	230
290.66	226
293.46	221
296.26	222
299.06	222
301.86	222
304.66	225
307.46	223
310.25	226
313.05	227
315.84	230
318.64	225
321.43	225
324.22	227
327.02	233
329.81	228
332.6	227
335.39	225
338.17	224
340.96	227
343.75	231
346.53	231
349.32	228
352.1	223
354.88	225
357.67	230
360.45	233
363.23	230
366.01	231
368.79	229
371.56	230
374.34	227
377.12	228
379.89	229
382.67	232
385.44	226
388.21	228
390.98	226
393.75	234
396.52	234
399.29	236
402.06	234
404.83	239
407.6	237
410.36	242
413.13	239
415.89	237
418.65	235
421.42	237
424.18	236
426.94	235
429.7	233
432.46	237
435.21	230
437.97	240
440.73	240
443.48	245
446.24	245
448.99	243
451.74	238
454.49	240
457.24	240
459.99	245
462.74	241
465.49	239
468.24	240
470.99	237
473.73	242
476.48	241
479.22	244
481.96	245
484.71	241
487.45	239
490.19	235
492.93	239
495.67	244
498.41	237
501.14	243
503.88	240
506.61	241
509.35	246
512.08	238
514.82	247
517.55	242
520.28	246
523.01	248
525.74	256
528.47	256
531.2	257
533.92	249
536.65	249
539.37	253
542.1	249
544.82	256
547.54	246
550.27	250
552.99	247
555.71	249
558.43	243
561.14	250
563.86	248
566.58	253
569.3	255
572.01	254
574.72	250
577.44	249
580.15	256
582.86	253
585.57	248
588.28	254
590.99	256
593.7	253
596.41	253
599.11	251
601.82	254
604.52	251
607.23	252
609.93	248
612.63	248
615.34	249
618.04	250
620.74	252
623.44	254
626.13	258
628.83	248
631.53	252
634.22	253
636.92	256
639.61	252
642.3	253
645	252
647.69	255
650.38	246
653.07	247
655.76	257
658.45	256
661.13	256
663.82	254
666.5	254
669.19	253
671.87	252
674.56	257
677.24	260
679.92	258
682.6	258
685.28	255
687.96	254
690.64	261
693.31	252
695.99	260
698.67	262
701.34	260
704.01	257
706.69	262
709.36	257
712.03	265
714.7	256
717.37	259
720.04	264
722.71	263
725.37	264
728.04	257
730.71	260
733.37	259
736.04	263
738.7	258
741.36	258
744.02	264
746.68	264
749.34	258
752	264
754.66	262
757.32	264
759.97	267
762.63	267
765.28	263
767.94	265
770.59	264
773.24	262
775.89	267
778.54	266
781.19	269
783.84	263
786.49	270
789.14	271
791.78	268
794.43	272
797.07	271
799.72	267
802.36	272
805	271
807.65	275
810.29	270
812.93	276
815.57	277
818.2	274
820.84	275
823.48	277
826.11	277
828.75	276
831.38	274
834.02	278
836.65	268
839.28	272
841.91	268
844.54	275
847.17	275
849.8	271
852.43	274
855.05	275
857.68	270
860.3	276
862.93	271
865.55	276
868.17	274
870.8	281
873.42	277
876.04	285
878.66	280
881.27	281
883.89	281
886.51	285
889.13	283
891.74	288
894.36	285
896.97	281
899.58	278
902.19	280
904.81	276
907.42	282
910.03	280
912.63	274
915.24	285
917.85	278
920.46	283
923.06	284
925.67	282
928.27	285
930.87	281
933.48	285
936.08	284
938.68	284
941.28	279
943.88	284
946.47	284
949.07	283
951.67	281
954.26	281
956.86	282
959.45	291
962.05	289
964.64	283
967.23	288
969.82	288
972.41	286
975	286
977.59	282
980.18	294
982.77	294
985.35	284
987.94	286
990.52	289
993.11	289
995.69	286
998.27	279
1000.85	284
1003.43	293
1006.01	283
1008.59	289
1011.17	289
1013.75	295
1016.32	289
1018.9	283
1021.47	287
1024.05	289
1026.62	292
1029.19	300
1031.77	291
1034.34	297
1036.91	294
1039.48	294
1042.04	288
1044.61	292
1047.18	292
1049.74	299
1052.31	291
1054.87	285
1057.44	296
1060	292
1062.56	292
1065.12	303
1067.69	298
1070.25	301
1072.8	298
1075.36	301
1077.92	304
1080.48	302
1083.03	305
1085.59	298
1088.14	301
1090.69	304
1093.25	315
1095.8	311
1098.35	306
1100.9	305
1103.45	308
1106	304
1108.55	307
1111.09	306
1113.64	308
1116.19	316
1118.73	309
1121.27	309
1123.82	310
1126.36	316
1128.9	315
1131.44	315
1133.98	319
1136.52	314
1139.06	327
1141.6	321
1144.13	331
1146.67	334
1149.2	327
1151.74	325
1154.27	321
1156.81	315
1159.34	319
1161.87	314
1164.4	317
1166.93	323
1169.46	325
1171.99	325
1174.51	325
1177.04	316
1179.57	319
1182.09	326
1184.61	323
1187.14	318
1189.66	326
1192.18	320
1194.7	329
1197.22	326
1199.74	331
1202.26	333
1204.78	326
1207.3	330
1209.81	331
1212.33	336
1214.84	333
1217.36	328
1219.87	326
1222.38	334
1224.9	331
1227.41	343
1229.92	333
1232.43	337
1234.93	341
1237.44	344
1239.95	339
1242.46	342
1244.96	345
1247.47	347
1249.97	345
1252.47	347
1254.98	355
1257.48	357
1259.98	357
1262.48	349
1264.98	355
1267.48	355
1269.97	364
1272.47	369
1274.97	373
1277.46	378
1279.96	386
1282.45	392
1284.94	399
1287.44	405
1289.93	404
1292.42	412
1294.91	404
1297.4	411
1299.89	407
1302.37	427
1304.86	429
1307.35	430
1309.83	463
1312.32	464
1314.8	468
1317.28	463
1319.77	456
1322.25	448
1324.73	448
1327.21	428
1329.69	421
1332.17	418
1334.64	410
1337.12	403
1339.6	408
1342.07	403
1344.55	402
1347.02	399
1349.49	399
1351.96	414
1354.44	413
1356.91	411
1359.38	419
1361.85	422
1364.31	428
1366.78	415
1369.25	416
1371.72	400
1374.18	408
1376.65	405
1379.11	408
1381.57	391
1384.03	394
1386.5	390
1388.96	384
1391.42	391
1393.88	380
1396.33	379
1398.79	377
1401.25	371
1403.71	380
1406.16	371
1408.62	381
1411.07	379
1413.52	363
1415.98	370
1418.43	367
1420.88	367
1423.33	370
1425.78	368
1428.23	365
1430.67	365
1433.12	375
1435.57	384
1438.01	376
1440.46	379
1442.9	369
1445.35	375
1447.79	372
1450.23	366
1452.67	371
1455.11	369
1457.55	366
1459.99	358
1462.43	362
1464.86	364
1467.3	364
1469.74	356
1472.17	350
1474.61	356
1477.04	349
1479.47	358
1481.9	357
1484.34	354
1486.77	355
1489.2	362
1491.63	356
1494.05	352
1496.48	356
1498.91	355
1501.33	352
1503.76	350
1506.18	353
1508.61	355
1511.03	355
1513.45	362
1515.87	356
1518.29	356
1520.71	359
1523.13	359
1525.55	360
1527.97	357
1530.39	365
1532.8	371
1535.22	366
1537.63	363
1540.05	366
1542.46	370
1544.87	372
1547.28	375
1549.7	380
1552.11	373
1554.52	378
1556.92	366
1559.33	364
1561.74	380
1564.15	368
1566.55	373
1568.96	372
1571.36	379
1573.76	376
1576.17	368
1578.57	376
1580.97	374
1583.37	374
1585.77	375
1588.17	378
1590.57	378
1592.97	389
1595.36	378
1597.76	383
1600.15	385
1602.55	378
1604.94	367
1607.34	384
1609.73	376
1612.12	373
1614.51	364
1616.9	367
1619.29	357
1621.68	370
1624.07	373
1626.45	363
1628.84	361
1631.23	364
1633.61	360
1636	366
1638.38	367
1640.76	363
1643.14	365
1645.53	365
1647.91	367
1650.29	371
1652.67	366
1655.04	367
1657.42	363
1659.8	371
1662.18	362
1664.55	359
1666.93	359
1669.3	364
1671.67	365
1674.04	368
1676.42	362
1678.79	363
1681.16	367
1683.53	368
1685.9	370
1688.26	374
1690.63	366
1693	366
1695.36	369
1697.73	379
1700.09	364
1702.46	369
1704.82	375
1707.18	372
1709.54	373
1711.91	365
1714.27	371
1716.62	372
1718.98	380
1721.34	370
1723.7	371
1726.06	380
1728.41	373
1730.77	367
1733.12	378
1735.47	373
1737.83	379
1740.18	381
1742.53	380
1744.88	380
1747.23	378
1749.58	379
1751.93	378
1754.28	382
1756.62	384
1758.97	376
1761.31	383
1763.66	376
1766	377
1768.35	377
1770.69	368
1773.03	375
1775.37	374
1777.71	377
1780.05	385
1782.39	373
1784.73	378
1787.07	379
1789.4	371
1791.74	378
1794.08	375
1796.41	389
1798.74	383
1801.08	383
1803.41	387
1805.74	386
1808.07	376
1810.4	379
1812.73	379
1815.06	380
1817.39	379
1819.72	372
1822.04	384
1824.37	384
1826.7	379
1829.02	374
1831.34	382
1833.67	387
1835.99	387
1838.31	381
1840.63	385
1842.95	379
1845.27	386
1847.59	378
1849.91	380
1852.23	378
1854.54	384
1856.86	377
1859.17	382
1861.49	378
1863.8	378
1866.12	373
1868.43	379
1870.74	374
1873.05	367
1875.36	372
1877.67	375
1879.98	368
1882.29	373
1884.6	372
1886.9	374
1889.21	375
1891.51	372
1893.82	370
1896.12	364
1898.43	385
1900.73	377
1903.03	388
1905.33	387
1907.63	383
1909.93	383
1912.23	385
1914.53	392
1916.83	393
1919.12	394
1921.42	382
1923.71	391
1926.01	392
1928.3	396
1930.6	384
1932.89	385
1935.18	392
1937.47	391
1939.76	383
1942.05	398
1944.34	394
1946.63	392
1948.92	402
1951.2	400
1953.49	395
1955.77	398
1958.06	394
1960.34	401
1962.63	397
1964.91	391
1967.19	397
1969.47	399
1971.75	394
1974.03	399
1976.31	400
1978.59	395
1980.87	394
1983.14	403
1985.42	397
1987.7	394
1989.97	400
1992.25	401
1994.52	402
1996.79	406
1999.06	400
2001.34	403
2003.61	395
2005.88	395
2008.15	402
2010.41	398
2012.68	403
2014.95	401
2017.22	409
2019.48	401
2021.75	408
2024.01	403
2026.27	399
2028.54	407
2030.8	399
2033.06	401
2035.32	402
2037.58	405
2039.84	395
2042.1	403
2044.36	407
2046.62	406
2048.87	409
2051.13	400
2053.38	407
2055.64	409
2057.89	409
2060.15	412
2062.4	413
2064.65	409
2066.9	403
2069.15	408
2071.4	406
2073.65	412
2075.9	410
2078.15	421
2080.39	413
2082.64	420
2084.89	415
2087.13	419
2089.38	423
2091.62	413
2093.86	409
2096.1	422
2098.35	410
2100.59	414
2102.83	419
2105.07	416
2107.3	421
2109.54	427
2111.78	416
2114.02	413
2116.25	420
2118.49	421
2120.72	415
2122.96	407
2125.19	417
2127.42	426
2129.65	415
2131.88	414
2134.12	415
2136.35	419
2138.57	415
2140.8	422
2143.03	421
2145.26	426
2147.48	415
2149.71	413
2151.93	423
2154.16	416
2156.38	422
2158.6	420
2160.83	429
2163.05	415
2165.27	414
2167.49	419
2169.71	409
2171.93	409
2174.15	419
2176.36	417
2178.58	416
2180.8	419
2183.01	419
2185.23	421
2187.44	420
2189.65	423
2191.87	420
2194.08	419
2196.29	418
2198.5	420
2200.71	425
2202.92	420
2205.13	420
2207.34	410
2209.54	427
2211.75	422
2213.95	419
2216.16	426
2218.36	421
2220.57	422
2222.77	425
2224.97	419
2227.18	429
2229.38	424
2231.58	425
2233.78	422
2235.98	428
2238.17	420
2240.37	433
2242.57	425
2244.77	433
2246.96	419
2249.16	428
2251.35	427
2253.54	426
2255.74	431
2257.93	427
2260.12	426
2262.31	431
2264.5	427
2266.69	432
2268.88	426
2271.07	427
2273.26	425
2275.44	423
2277.63	425
2279.81	431
2282	433
2284.18	427
2286.37	430
2288.55	435
2290.73	430
2292.91	438
2295.09	427
2297.27	425
2299.45	446
2301.63	441
2303.81	436
2305.99	431
2308.17	431
2310.34	434
2312.52	425
2314.69	435
2316.87	432
2319.04	431
2321.21	438
2323.38	440
2325.56	439
2327.73	434
2329.9	443
2332.07	440
2334.23	433
2336.4	445
2338.57	436
2340.74	440
2342.9	434
2345.07	445
2347.23	448
2349.4	436
2351.56	440
2353.72	448
2355.89	433
2358.05	438
2360.21	439
2362.37	440
2364.53	443
2366.69	442
2368.84	443
2371	440
2373.16	439
2375.31	434
2377.47	440
2379.62	447
2381.78	434
2383.93	439
2386.09	446
2388.24	433
2390.39	445
2392.54	445
2394.69	447
2396.84	457
2398.99	446
2401.14	453
2403.28	438
2405.43	450
2407.58	452
2409.72	443
2411.87	444
2414.01	455
2416.15	445
2418.3	458
2420.44	451
2422.58	459
2424.72	456
2426.86	457
2429	451
2431.14	455
2433.28	456
2435.42	459
