System
Type	MANTARAY
Unit	WAVENUMBER
Rayleigh	532.021nm
Grating	1200gr

Measuring Condition
Acquisition Mode	SINGLE
Exposure Time	0.2s
Laser Filter	532nm
ND Filter	20%
Lens Magnification	MPLFLN20x
X Pixels	1024	Y Pixels	255


X Axis Data	Y Axis Data
-136.78	101
-133.84	100
-130.9	98
-127.97	101
-125.04	100
-122.1	100
-119.17	99
-116.24	101
-113.31	98
-110.38	100
-107.45	101
-104.52	100
-101.6	99
-98.67	99
-95.75	99
-92.82	100
-89.9	100
-86.98	99
-84.06	99
-81.14	99
-78.22	99
-75.3	100
-72.38	99
-69.47	101
-66.55	100
-63.64	100
-60.73	100
-57.81	99
-54.9	99
-51.99	101
-49.08	100
-46.17	100
-43.26	101
-40.36	100
-37.45	99
-34.54	100
-31.64	101
-28.74	101
-25.83	99
-22.93	102
-20.03	101
-17.13	98
-14.23	99
-11.34	100
-8.44	100
-5.54	101
-2.65	102
0.25	103
3.14	100
6.03	101
8.92	102
11.82	101
14.71	100
17.59	99
20.48	99
23.37	100
26.26	100
29.14	99
32.02	99
34.91	98
37.79	100
40.67	102
43.55	100
46.43	99
49.31	101
52.19	100
55.07	102
57.94	102
60.82	99
63.69	101
66.57	99
69.44	100
72.31	101
75.18	102
78.05	105
80.92	107
83.79	111
86.65	119
89.52	137
92.39	149
95.25	166
98.11	175
100.98	186
103.84	186
106.7	190
109.56	191
112.42	190
115.28	193
118.13	199
120.99	192
123.85	192
126.7	198
129.55	194
132.41	197
135.26	194
138.11	192
140.96	191
143.81	191
146.66	195
149.5	193
152.35	195
155.2	192
158.04	191
160.88	194
163.73	191
166.57	187
169.41	192
172.25	194
175.09	187
177.93	194
180.77	193
183.6	192
186.44	189
189.27	195
192.11	196
194.94	193
197.77	192
200.6	190
203.43	194
206.26	197
209.09	193
211.92	193
214.75	196
217.57	197
220.4	193
223.22	196
226.05	196
228.87	193
231.69	199
234.51	191
237.33	197
240.15	201
242.97	195
245.78	197
248.6	196
251.42	196
254.23	195
257.04	194
259.86	201
262.67	198
265.48	197
268.29	198
271.1	200
273.91	197
276.71	195
279.52	201
282.33	197
285.13	202
287.94	208
290.74	198
293.54	203
296.34	201
299.14	202
301.94	204
304.74	203
307.54	202
310.33	198
313.13	201
315.93	204
318.72	207
321.51	196
324.31	205
327.1	202
329.89	202
332.68	206
335.47	205
338.26	203
341.04	209
343.83	203
346.61	203
349.4	200
352.18	203
354.97	201
357.75	209
360.53	204
363.31	205
366.09	204
368.87	202
371.64	204
374.42	208
377.2	201
379.97	207
382.75	204
385.52	206
388.29	202
391.06	204
393.83	208
396.6	204
399.37	205
402.14	214
404.91	209
407.67	215
410.44	212
413.2	216
415.97	214
418.73	213
421.49	211
424.25	208
427.02	212
429.77	211
432.53	206
435.29	212
438.05	214
440.8	214
443.56	219
446.31	220
449.07	212
451.82	217
454.57	214
457.32	215
460.07	215
462.82	213
465.57	211
468.32	213
471.06	214
473.81	212
476.55	216
479.3	213
482.04	213
484.78	210
487.52	217
490.26	214
493	220
495.74	211
498.48	215
501.22	212
503.95	215
506.69	217
509.42	216
512.16	222
514.89	221
517.62	219
520.35	220
523.08	221
525.81	221
528.54	223
531.27	228
534	219
536.72	227
539.45	225
542.17	228
544.89	225
547.62	224
550.34	223
553.06	222
555.78	224
558.5	222
561.22	228
563.93	223
566.65	226
569.37	222
572.08	222
574.79	226
577.51	226
580.22	225
582.93	217
585.64	224
588.35	223
591.06	228
593.77	224
596.48	221
599.18	222
601.89	226
604.59	230
607.3	221
610	219
612.7	222
615.4	223
618.1	228
620.8	223
623.5	224
626.2	224
628.9	225
631.59	227
634.29	226
636.98	225
639.68	220
642.37	224
645.06	224
647.75	220
650.44	217
653.13	221
655.82	227
658.51	224
661.2	226
663.88	222
666.57	224
669.25	223
671.94	224
674.62	226
677.3	223
679.98	230
682.66	228
685.34	230
688.02	225
690.7	225
693.38	227
696.05	230
698.73	229
701.4	229
704.08	225
706.75	236
709.42	226
712.09	231
714.76	231
717.43	226
720.1	231
722.77	232
725.43	227
728.1	233
730.77	232
733.43	234
736.09	235
738.76	225
741.42	238
744.08	230
746.74	231
749.4	234
752.06	227
754.72	234
757.37	234
760.03	235
762.68	230
765.34	236
767.99	235
770.65	235
773.3	232
775.95	230
778.6	236
781.25	233
783.9	240
786.54	235
789.19	237
791.84	241
794.48	234
797.13	232
799.77	235
802.41	237
805.06	234
807.7	244
810.34	242
812.98	236
815.62	242
818.26	241
820.89	242
823.53	240
826.16	241
828.8	240
831.43	238
834.07	242
836.7	238
839.33	238
841.96	241
844.59	238
847.22	239
849.85	241
852.47	239
855.1	239
857.73	241
860.35	236
862.97	243
865.6	244
868.22	240
870.84	244
873.46	248
876.08	249
878.7	249
881.32	250
883.94	245
886.55	249
889.17	242
891.79	250
894.4	251
897.01	250
899.63	248
902.24	243
904.85	249
907.46	245
910.07	249
912.68	251
915.28	246
917.89	248
920.5	252
923.1	252
925.71	246
928.31	251
930.91	248
933.52	246
936.12	253
938.72	248
941.32	249
943.92	254
946.51	249
949.11	254
951.71	254
954.3	253
956.9	256
959.49	256
962.08	251
964.68	256
967.27	252
969.86	252
972.45	250
975.04	253
977.63	253
980.21	256
982.8	250
985.39	252
987.97	257
990.56	251
993.14	255
995.72	258
998.3	242
1000.88	256
1003.46	255
1006.04	254
1008.62	256
1011.2	258
1013.78	258
1016.35	260
1018.93	256
1021.5	256
1024.08	250
1026.65	253
1029.22	261
1031.79	260
1034.36	259
1036.93	256
1039.5	259
1042.07	267
1044.64	263
1047.21	257
1049.77	259
1052.34	266
1054.9	259
1057.46	265
1060.03	261
1062.59	264
1065.15	262
1067.71	257
1070.27	261
1072.83	263
1075.39	263
1077.94	268
1080.5	271
1083.05	273
1085.61	260
1088.16	268
1090.72	264
1093.27	269
1095.82	270
1098.37	277
1100.92	272
1103.47	270
1106.02	277
1108.57	271
1111.11	276
1113.66	278
1116.2	273
1118.75	276
1121.29	278
1123.83	280
1126.38	282
1128.92	284
1131.46	282
1134	278
1136.54	286
1139.07	290
1141.61	287
1144.15	291
1146.68	302
1149.22	291
1151.75	289
1154.29	292
1156.82	283
1159.35	288
1161.88	282
1164.41	282
1166.94	282
1169.47	287
1172	283
1174.52	286
1177.05	289
1179.58	287
1182.1	285
1184.62	288
1187.15	292
1189.67	292
1192.19	291
1194.71	289
1197.23	288
1199.75	293
1202.27	283
1204.79	293
1207.3	290
1209.82	289
1212.33	296
1214.85	296
1217.36	293
1219.88	299
1222.39	300
1224.9	292
1227.41	301
1229.92	300
1232.43	301
1234.94	310
1237.44	309
1239.95	311
1242.46	312
1244.96	312
1247.47	311
1249.97	311
1252.47	317
1254.97	321
1257.48	320
1259.98	320
1262.48	316
1264.98	320
1267.47	320
1269.97	321
1272.47	327
1274.96	332
1277.46	342
1279.95	353
1282.45	358
1284.94	355
1287.43	363
1289.92	354
1292.41	360
1294.9	366
1297.39	372
1299.88	365
1302.37	379
1304.85	391
1307.34	412
1309.82	418
1312.31	425
1314.79	428
1317.27	428
1319.75	415
1322.24	415
1324.72	398
1327.2	390
1329.67	384
1332.15	377
1334.63	367
1337.11	366
1339.58	360
1342.06	364
1344.53	356
1347	367
1349.48	358
1351.95	366
1354.42	371
1356.89	370
1359.36	387
1361.83	374
1364.3	377
1366.76	367
1369.23	365
1371.7	365
1374.16	366
1376.63	371
1379.09	365
1381.55	354
1384.01	347
1386.48	349
1388.94	352
1391.4	353
1393.85	346
1396.31	345
1398.77	331
1401.23	339
1403.68	340
1406.14	337
1408.59	336
1411.04	334
1413.5	329
1415.95	330
1418.4	331
1420.85	327
1423.3	328
1425.75	322
1428.2	331
1430.65	332
1433.09	327
1435.54	343
1437.98	343
1440.43	330
1442.87	329
1445.31	334
1447.76	324
1450.2	329
1452.64	334
1455.08	329
1457.52	323
1459.96	332
1462.39	318
1464.83	327
1467.27	323
1469.7	315
1472.14	322
1474.57	312
1477	318
1479.44	317
1481.87	320
1484.3	313
1486.73	317
1489.16	318
1491.59	315
1494.01	320
1496.44	314
1498.87	324
1501.29	324
1503.72	321
1506.14	320
1508.56	319
1510.99	322
1513.41	319
1515.83	313
1518.25	319
1520.67	319
1523.09	326
1525.51	320
1527.92	324
1530.34	326
1532.76	328
1535.17	327
1537.59	329
1540	328
1542.41	335
1544.82	330
1547.24	337
1549.65	342
1552.06	332
1554.47	328
1556.87	333
1559.28	337
1561.69	335
1564.09	335
1566.5	333
1568.9	325
1571.31	331
1573.71	338
1576.11	332
1578.51	324
1580.92	330
1583.32	333
1585.72	337
1588.11	339
1590.51	348
1592.91	338
1595.31	338
1597.7	346
1600.1	340
1602.49	338
1604.88	339
1607.28	332
1609.67	331
1612.06	335
1614.45	327
1616.84	329
1619.23	324
1621.62	331
1624	322
1626.39	320
1628.78	316
1631.16	331
1633.55	331
1635.93	322
1638.31	326
1640.7	324
1643.08	328
1645.46	323
1647.84	325
1650.22	322
1652.6	327
1654.97	316
1657.35	322
1659.73	332
1662.1	328
1664.48	323
1666.85	320
1669.23	330
1671.6	325
1673.97	328
1676.34	323
1678.71	327
1681.08	321
1683.45	328
1685.82	324
1688.19	329
1690.56	329
1692.92	330
1695.29	325
1697.65	324
1700.02	326
1702.38	332
1704.74	331
1707.1	327
1709.46	331
1711.82	332
1714.18	328
1716.54	336
1718.9	336
1721.26	334
1723.62	334
1725.97	337
1728.33	336
1730.68	335
1733.03	339
1735.39	334
1737.74	335
1740.09	333
1742.44	332
1744.79	335
1747.14	337
1749.49	331
1751.84	336
1754.19	335
1756.53	335
1758.88	333
1761.22	335
1763.57	333
1765.91	334
1768.25	331
1770.6	333
1772.94	332
1775.28	336
1777.62	338
1779.96	342
1782.3	345
1784.63	334
1786.97	335
1789.31	338
1791.64	331
1793.98	345
1796.31	332
1798.65	337
1800.98	336
1803.31	339
1805.64	343
1807.97	335
1810.3	332
1812.63	337
1814.96	339
1817.29	337
1819.61	342
1821.94	340
1824.27	335
1826.59	335
1828.91	342
1831.24	345
1833.56	338
1835.88	334
1838.2	343
1840.52	344
1842.84	336
1845.16	333
1847.48	341
1849.8	343
1852.12	339
1854.43	339
1856.75	335
1859.06	335
1861.38	346
1863.69	339
1866	339
1868.31	335
1870.63	337
1872.94	336
1875.25	338
1877.56	340
1879.86	337
1882.17	331
1884.48	337
1886.78	342
1889.09	339
1891.39	341
1893.7	328
1896	341
1898.3	328
1900.61	339
1902.91	337
1905.21	341
1907.51	343
1909.81	346
1912.11	344
1914.4	343
1916.7	342
1919	346
1921.29	342
1923.59	347
1925.88	345
1928.17	349
1930.47	349
1932.76	344
1935.05	352
1937.34	348
1939.63	344
1941.92	353
1944.21	351
1946.5	354
1948.78	350
1951.07	347
1953.36	356
1955.64	347
1957.92	355
1960.21	360
1962.49	351
1964.77	346
1967.05	353
1969.33	352
1971.61	355
1973.89	358
1976.17	350
1978.45	345
1980.73	354
1983	353
1985.28	357
1987.56	352
1989.83	353
1992.1	347
1994.38	353
1996.65	355
1998.92	355
2001.19	362
2003.46	358
2005.73	355
2008	358
2010.27	362
2012.53	359
2014.8	355
2017.07	364
2019.33	362
2021.6	358
2023.86	361
2026.12	360
2028.39	358
2030.65	358
2032.91	361
2035.17	360
2037.43	365
2039.69	367
2041.95	361
2044.2	370
2046.46	361
2048.72	361
2050.97	363
2053.23	367
2055.48	371
2057.73	368
2059.99	371
2062.24	365
2064.49	374
2066.74	369
2068.99	362
2071.24	359
2073.49	375
2075.74	375
2077.98	373
2080.23	365
2082.48	364
2084.72	362
2086.97	368
2089.21	382
2091.45	363
2093.69	375
2095.94	366
2098.18	369
2100.42	373
2102.66	379
2104.9	371
2107.13	374
2109.37	371
2111.61	377
2113.84	372
2116.08	374
2118.31	362
2120.55	367
2122.78	378
2125.01	378
2127.25	371
2129.48	372
2131.71	370
2133.94	375
2136.17	382
2138.4	369
2140.62	375
2142.85	372
2145.08	378
2147.3	382
2149.53	372
2151.75	372
2153.98	369
2156.2	373
2158.42	373
2160.64	372
2162.86	368
2165.08	378
2167.3	376
2169.52	374
2171.74	372
2173.96	382
2176.17	379
2178.39	370
2180.61	370
2182.82	371
2185.04	376
2187.25	372
2189.46	374
2191.67	376
2193.88	379
2196.1	379
2198.31	376
2200.51	379
2202.72	376
2204.93	379
2207.14	367
2209.35	377
2211.55	369
2213.76	379
2215.96	373
2218.17	377
2220.37	373
2222.57	376
2224.77	371
2226.97	379
2229.17	382
2231.37	373
2233.57	390
2235.77	381
2237.97	380
2240.17	380
2242.36	378
2244.56	377
2246.75	377
2248.95	385
2251.14	379
2253.33	383
2255.53	378
2257.72	378
2259.91	390
2262.1	387
2264.29	390
2266.48	388
2268.67	378
2270.85	382
2273.04	385
2275.23	381
2277.41	378
2279.6	392
2281.78	389
2283.97	381
2286.15	389
2288.33	382
2290.51	392
2292.69	388
2294.87	397
2297.05	388
2299.23	396
2301.41	380
2303.59	386
2305.77	383
2307.94	387
2310.12	393
2312.29	392
2314.47	390
2316.64	396
2318.81	388
2320.98	392
2323.16	391
2325.33	395
2327.5	397
2329.67	383
2331.84	392
2334	397
2336.17	395
2338.34	388
2340.5	386
2342.67	393
2344.83	391
2347	393
2349.16	395
2351.32	400
2353.49	390
2355.65	393
2357.81	402
2359.97	394
2362.13	402
2364.29	390
2366.45	395
2368.6	397
2370.76	388
2372.92	400
2375.07	398
2377.23	399
2379.38	390
2381.53	391
2383.69	393
2385.84	398
2387.99	398
2390.14	400
2392.29	402
2394.44	404
2396.59	397
2398.74	397
2400.89	403
2403.03	396
2405.18	394
2407.33	401
2409.47	395
2411.61	404
2413.76	409
2415.9	409
2418.04	402
2420.18	412
2422.33	408
2424.47	418
2426.61	401
2428.74	411
2430.88	411
2433.02	414
2435.16	409
